jaccard	HD1	HD10	HD11	HD12	HD13	HD14	HD15	HD2	HD3	HD4	HD5	HD6	HD7	HD8	HD9	MD1	MD10	MD11	MD12	MD13	MD14	MD15	MD2	MD3	MD4	MD5	MD6	MD7	MD8	MD9	NC1	NC10	NC11	NC12	NC13	NC14	NC15	NC2	NC3	NC4	NC5	NC6	NC7	NC8	NC9
HD1	0	0.732	0.753	0.755	0.735	0.752	0.768	0.736	0.772	0.618	0.725	0.677	0.719	0.718	0.708	0.742	0.805	0.781	0.831	0.958	0.829	0.959	0.756	0.732	0.707	0.778	0.784	0.746	0.729	0.753	0.858	0.867	0.879	0.875	0.885	0.878	0.876	0.862	0.868	0.836	0.841	0.871	0.865	0.883	0.863
HD10	0.732	0	0.672	0.697	0.713	0.628	0.690	0.691	0.751	0.646	0.755	0.576	0.571	0.717	0.535	0.784	0.691	0.707	0.792	0.958	0.750	0.960	0.690	0.674	0.586	0.583	0.712	0.666	0.753	0.682	0.840	0.866	0.862	0.870	0.876	0.841	0.852	0.843	0.841	0.837	0.821	0.877	0.847	0.887	0.849
HD11	0.753	0.672	0	0.492	0.503	0.555	0.572	0.802	0.811	0.679	0.853	0.657	0.654	0.667	0.646	0.785	0.784	0.695	0.719	0.957	0.726	0.960	0.735	0.718	0.709	0.749	0.800	0.690	0.622	0.673	0.876	0.864	0.845	0.848	0.854	0.856	0.860	0.881	0.878	0.855	0.858	0.871	0.871	0.902	0.872
HD12	0.755	0.697	0.492	0	0.589	0.520	0.568	0.789	0.796	0.698	0.844	0.653	0.690	0.701	0.721	0.758	0.784	0.692	0.692	0.941	0.742	0.946	0.722	0.712	0.704	0.768	0.757	0.631	0.713	0.725	0.847	0.855	0.839	0.819	0.846	0.873	0.846	0.870	0.851	0.829	0.839	0.865	0.858	0.897	0.857
HD13	0.735	0.713	0.503	0.589	0	0.611	0.532	0.806	0.822	0.710	0.847	0.688	0.659	0.550	0.630	0.796	0.798	0.716	0.711	0.967	0.735	0.969	0.720	0.713	0.700	0.776	0.832	0.713	0.687	0.631	0.881	0.864	0.870	0.866	0.881	0.865	0.875	0.906	0.890	0.843	0.865	0.885	0.893	0.928	0.888
HD14	0.752	0.628	0.555	0.520	0.611	0	0.538	0.697	0.817	0.707	0.767	0.652	0.672	0.704	0.640	0.806	0.790	0.700	0.738	0.951	0.748	0.957	0.717	0.724	0.682	0.650	0.771	0.699	0.735	0.717	0.865	0.866	0.856	0.849	0.859	0.844	0.861	0.881	0.869	0.842	0.855	0.876	0.867	0.907	0.863
HD15	0.768	0.690	0.572	0.568	0.532	0.538	0	0.799	0.810	0.734	0.845	0.702	0.667	0.655	0.670	0.820	0.806	0.751	0.710	0.961	0.750	0.966	0.717	0.721	0.685	0.769	0.801	0.726	0.748	0.712	0.878	0.859	0.867	0.866	0.878	0.880	0.867	0.896	0.885	0.842	0.860	0.884	0.874	0.917	0.871
HD2	0.736	0.691	0.802	0.789	0.806	0.697	0.799	0	0.782	0.721	0.449	0.744	0.739	0.801	0.755	0.795	0.808	0.795	0.840	0.958	0.821	0.957	0.773	0.747	0.724	0.578	0.798	0.779	0.799	0.801	0.833	0.859	0.881	0.884	0.896	0.859	0.869	0.834	0.852	0.817	0.812	0.880	0.856	0.878	0.850
HD3	0.772	0.751	0.811	0.796	0.822	0.817	0.810	0.782	0	0.647	0.779	0.717	0.731	0.755	0.808	0.603	0.695	0.744	0.831	0.956	0.799	0.958	0.727	0.686	0.647	0.802	0.712	0.722	0.848	0.751	0.707	0.832	0.850	0.820	0.879	0.882	0.826	0.780	0.702	0.785	0.767	0.861	0.819	0.848	0.826
HD4	0.618	0.646	0.679	0.698	0.710	0.707	0.734	0.721	0.647	0	0.754	0.560	0.636	0.681	0.655	0.683	0.696	0.694	0.803	0.954	0.758	0.955	0.660	0.617	0.562	0.697	0.699	0.641	0.736	0.704	0.765	0.827	0.845	0.830	0.855	0.850	0.822	0.791	0.769	0.791	0.778	0.835	0.799	0.842	0.810
HD5	0.725	0.755	0.853	0.844	0.847	0.767	0.845	0.449	0.779	0.754	0	0.781	0.802	0.836	0.786	0.815	0.838	0.848	0.883	0.965	0.872	0.961	0.790	0.785	0.765	0.647	0.836	0.819	0.845	0.851	0.836	0.880	0.898	0.899	0.913	0.891	0.884	0.849	0.841	0.830	0.835	0.896	0.873	0.887	0.860
HD6	0.677	0.576	0.657	0.653	0.688	0.652	0.702	0.744	0.717	0.560	0.781	0	0.601	0.713	0.649	0.687	0.690	0.694	0.788	0.955	0.778	0.956	0.709	0.677	0.623	0.653	0.657	0.589	0.673	0.703	0.818	0.856	0.863	0.842	0.867	0.855	0.850	0.826	0.800	0.823	0.810	0.852	0.830	0.864	0.830
HD7	0.719	0.571	0.654	0.690	0.659	0.672	0.667	0.739	0.731	0.636	0.802	0.601	0	0.678	0.491	0.767	0.706	0.698	0.758	0.960	0.726	0.958	0.668	0.609	0.603	0.625	0.751	0.671	0.747	0.615	0.832	0.846	0.863	0.866	0.881	0.860	0.856	0.839	0.827	0.815	0.800	0.879	0.840	0.890	0.854
HD8	0.718	0.717	0.667	0.701	0.550	0.704	0.655	0.801	0.755	0.681	0.836	0.713	0.678	0	0.672	0.753	0.748	0.691	0.764	0.963	0.712	0.964	0.678	0.670	0.678	0.798	0.783	0.703	0.711	0.596	0.832	0.810	0.851	0.839	0.872	0.857	0.839	0.873	0.836	0.795	0.814	0.874	0.865	0.909	0.862
HD9	0.708	0.535	0.646	0.721	0.630	0.640	0.670	0.755	0.808	0.655	0.786	0.649	0.491	0.672	0	0.807	0.767	0.695	0.784	0.962	0.731	0.962	0.685	0.687	0.646	0.641	0.782	0.709	0.730	0.651	0.871	0.869	0.872	0.885	0.879	0.855	0.871	0.867	0.864	0.846	0.845	0.883	0.855	0.897	0.863
MD1	0.742	0.784	0.785	0.758	0.796	0.806	0.820	0.795	0.603	0.683	0.815	0.687	0.767	0.753	0.807	0	0.784	0.751	0.865	0.955	0.833	0.960	0.774	0.750	0.716	0.791	0.724	0.728	0.746	0.784	0.796	0.849	0.870	0.848	0.872	0.887	0.859	0.826	0.796	0.814	0.806	0.850	0.830	0.832	0.819
MD10	0.805	0.691	0.784	0.784	0.798	0.790	0.806	0.808	0.695	0.696	0.838	0.690	0.706	0.748	0.767	0.784	0	0.706	0.698	0.959	0.731	0.962	0.582	0.588	0.675	0.699	0.662	0.527	0.782	0.618	0.728	0.809	0.844	0.821	0.880	0.858	0.758	0.794	0.716	0.794	0.774	0.871	0.833	0.869	0.853
MD11	0.781	0.707	0.695	0.692	0.716	0.700	0.751	0.795	0.744	0.694	0.848	0.694	0.698	0.691	0.695	0.751	0.706	0	0.737	0.946	0.589	0.952	0.727	0.721	0.693	0.776	0.706	0.641	0.758	0.653	0.819	0.850	0.825	0.810	0.852	0.847	0.816	0.850	0.827	0.831	0.820	0.868	0.852	0.877	0.851
MD12	0.831	0.792	0.719	0.692	0.711	0.738	0.710	0.840	0.831	0.803	0.883	0.788	0.758	0.764	0.784	0.865	0.698	0.737	0	0.945	0.623	0.953	0.675	0.676	0.761	0.802	0.833	0.698	0.807	0.661	0.809	0.802	0.852	0.806	0.877	0.847	0.791	0.882	0.825	0.812	0.836	0.892	0.877	0.917	0.878
MD13	0.958	0.958	0.957	0.941	0.967	0.951	0.961	0.958	0.956	0.954	0.965	0.955	0.960	0.963	0.962	0.955	0.959	0.946	0.945	0	0.948	0.519	0.958	0.957	0.957	0.959	0.951	0.953	0.962	0.964	0.945	0.957	0.949	0.951	0.953	0.961	0.953	0.947	0.952	0.950	0.945	0.960	0.947	0.950	0.954
MD14	0.829	0.750	0.726	0.742	0.735	0.748	0.750	0.821	0.799	0.758	0.872	0.778	0.726	0.712	0.731	0.833	0.731	0.589	0.623	0.948	0	0.953	0.719	0.700	0.715	0.790	0.820	0.689	0.819	0.647	0.817	0.828	0.827	0.817	0.856	0.839	0.808	0.862	0.811	0.798	0.806	0.877	0.854	0.899	0.865
MD15	0.959	0.960	0.960	0.946	0.969	0.957	0.966	0.957	0.958	0.955	0.961	0.956	0.958	0.964	0.962	0.960	0.962	0.952	0.953	0.519	0.953	0	0.962	0.957	0.958	0.959	0.954	0.955	0.964	0.966	0.955	0.960	0.952	0.954	0.958	0.960	0.954	0.955	0.955	0.956	0.954	0.959	0.956	0.957	0.958
MD2	0.756	0.690	0.735	0.722	0.720	0.717	0.717	0.773	0.727	0.660	0.790	0.709	0.668	0.678	0.685	0.774	0.582	0.727	0.675	0.958	0.719	0.962	0	0.467	0.546	0.669	0.757	0.586	0.761	0.603	0.762	0.790	0.849	0.839	0.888	0.877	0.778	0.826	0.767	0.775	0.779	0.867	0.838	0.890	0.840
MD3	0.732	0.674	0.718	0.712	0.713	0.724	0.721	0.747	0.686	0.617	0.785	0.677	0.609	0.670	0.687	0.750	0.588	0.721	0.676	0.957	0.700	0.957	0.467	0	0.486	0.678	0.741	0.612	0.774	0.560	0.746	0.780	0.835	0.825	0.868	0.863	0.764	0.821	0.759	0.758	0.760	0.853	0.817	0.871	0.829
MD4	0.707	0.586	0.709	0.704	0.700	0.682	0.685	0.724	0.647	0.562	0.765	0.623	0.603	0.678	0.646	0.716	0.675	0.693	0.761	0.957	0.715	0.958	0.546	0.486	0	0.648	0.708	0.614	0.759	0.663	0.784	0.808	0.832	0.837	0.871	0.847	0.826	0.815	0.792	0.784	0.773	0.851	0.815	0.871	0.818
MD5	0.778	0.583	0.749	0.768	0.776	0.650	0.769	0.578	0.802	0.697	0.647	0.653	0.625	0.798	0.641	0.791	0.699	0.776	0.802	0.959	0.790	0.959	0.669	0.678	0.648	0	0.752	0.669	0.761	0.755	0.833	0.862	0.867	0.867	0.882	0.833	0.847	0.836	0.830	0.830	0.817	0.880	0.838	0.880	0.848
MD6	0.784	0.712	0.800	0.757	0.832	0.771	0.801	0.798	0.712	0.699	0.836	0.657	0.751	0.783	0.782	0.724	0.662	0.706	0.833	0.951	0.820	0.954	0.757	0.741	0.708	0.752	0	0.658	0.743	0.779	0.813	0.873	0.877	0.867	0.889	0.879	0.859	0.828	0.806	0.839	0.832	0.871	0.839	0.870	0.854
MD7	0.746	0.666	0.690	0.631	0.713	0.699	0.726	0.779	0.722	0.641	0.819	0.589	0.671	0.703	0.709	0.728	0.527	0.641	0.698	0.953	0.689	0.955	0.586	0.612	0.614	0.669	0.658	0	0.706	0.653	0.775	0.826	0.839	0.803	0.869	0.866	0.796	0.819	0.754	0.791	0.782	0.868	0.837	0.870	0.847
MD8	0.729	0.753	0.622	0.713	0.687	0.735	0.748	0.799	0.848	0.736	0.845	0.673	0.747	0.711	0.730	0.746	0.782	0.758	0.807	0.962	0.819	0.964	0.761	0.774	0.759	0.761	0.743	0.706	0	0.724	0.882	0.883	0.894	0.885	0.894	0.885	0.889	0.888	0.893	0.858	0.874	0.882	0.877	0.908	0.877
MD9	0.753	0.682	0.673	0.725	0.631	0.717	0.712	0.801	0.751	0.704	0.851	0.703	0.615	0.596	0.651	0.784	0.618	0.653	0.661	0.964	0.647	0.966	0.603	0.560	0.663	0.755	0.779	0.653	0.724	0	0.794	0.813	0.857	0.846	0.886	0.858	0.802	0.862	0.808	0.803	0.811	0.882	0.864	0.904	0.868
NC1	0.858	0.840	0.876	0.847	0.881	0.865	0.878	0.833	0.707	0.765	0.836	0.818	0.832	0.832	0.871	0.796	0.728	0.819	0.809	0.945	0.817	0.955	0.762	0.746	0.784	0.833	0.813	0.775	0.882	0.794	0	0.737	0.787	0.742	0.807	0.842	0.698	0.554	0.467	0.596	0.540	0.801	0.732	0.761	0.751
NC10	0.867	0.866	0.864	0.855	0.864	0.866	0.859	0.859	0.832	0.827	0.880	0.856	0.846	0.810	0.869	0.849	0.809	0.850	0.802	0.957	0.828	0.960	0.790	0.780	0.808	0.862	0.873	0.826	0.883	0.813	0.737	0	0.769	0.727	0.787	0.798	0.681	0.792	0.721	0.623	0.728	0.597	0.534	0.742	0.579
NC11	0.879	0.862	0.845	0.839	0.870	0.856	0.867	0.881	0.850	0.845	0.898	0.863	0.863	0.851	0.872	0.870	0.844	0.825	0.852	0.949	0.827	0.952	0.849	0.835	0.832	0.867	0.877	0.839	0.894	0.857	0.787	0.769	0	0.612	0.582	0.728	0.623	0.821	0.785	0.782	0.785	0.760	0.772	0.727	0.774
NC12	0.875	0.870	0.848	0.819	0.866	0.849	0.866	0.884	0.820	0.830	0.899	0.842	0.866	0.839	0.885	0.848	0.821	0.810	0.806	0.951	0.817	0.954	0.839	0.825	0.837	0.867	0.867	0.803	0.885	0.846	0.742	0.727	0.612	0	0.651	0.683	0.536	0.802	0.714	0.748	0.740	0.750	0.755	0.788	0.752
NC13	0.885	0.876	0.854	0.846	0.881	0.859	0.878	0.896	0.879	0.855	0.913	0.867	0.881	0.872	0.879	0.872	0.880	0.852	0.877	0.953	0.856	0.958	0.888	0.868	0.871	0.882	0.889	0.869	0.894	0.886	0.807	0.787	0.582	0.651	0	0.728	0.678	0.808	0.806	0.784	0.788	0.753	0.761	0.763	0.760
NC14	0.878	0.841	0.856	0.873	0.865	0.844	0.880	0.859	0.882	0.850	0.891	0.855	0.860	0.857	0.855	0.887	0.858	0.847	0.847	0.961	0.839	0.960	0.877	0.863	0.847	0.833	0.879	0.866	0.885	0.858	0.842	0.798	0.728	0.683	0.728	0	0.736	0.860	0.841	0.813	0.850	0.830	0.816	0.853	0.801
NC15	0.876	0.852	0.860	0.846	0.875	0.861	0.867	0.869	0.826	0.822	0.884	0.850	0.856	0.839	0.871	0.859	0.758	0.816	0.791	0.953	0.808	0.954	0.778	0.764	0.826	0.847	0.859	0.796	0.889	0.802	0.698	0.681	0.623	0.536	0.678	0.736	0	0.792	0.700	0.723	0.722	0.736	0.732	0.785	0.753
NC2	0.862	0.843	0.881	0.870	0.906	0.881	0.896	0.834	0.780	0.791	0.849	0.826	0.839	0.873	0.867	0.826	0.794	0.850	0.882	0.947	0.862	0.955	0.826	0.821	0.815	0.836	0.828	0.819	0.888	0.862	0.554	0.792	0.821	0.802	0.808	0.860	0.792	0	0.595	0.677	0.538	0.786	0.736	0.716	0.773
NC3	0.868	0.841	0.878	0.851	0.890	0.869	0.885	0.852	0.702	0.769	0.841	0.800	0.827	0.836	0.864	0.796	0.716	0.827	0.825	0.952	0.811	0.955	0.767	0.759	0.792	0.830	0.806	0.754	0.893	0.808	0.467	0.721	0.785	0.714	0.806	0.841	0.700	0.595	0	0.638	0.608	0.772	0.733	0.764	0.743
NC4	0.836	0.837	0.855	0.829	0.843	0.842	0.842	0.817	0.785	0.791	0.830	0.823	0.815	0.795	0.846	0.814	0.794	0.831	0.812	0.950	0.798	0.956	0.775	0.758	0.784	0.830	0.839	0.791	0.858	0.803	0.596	0.623	0.782	0.748	0.784	0.813	0.723	0.677	0.638	0	0.558	0.733	0.690	0.800	0.673
NC5	0.841	0.821	0.858	0.839	0.865	0.855	0.860	0.812	0.767	0.778	0.835	0.810	0.800	0.814	0.845	0.806	0.774	0.820	0.836	0.945	0.806	0.954	0.779	0.760	0.773	0.817	0.832	0.782	0.874	0.811	0.540	0.728	0.785	0.740	0.788	0.850	0.722	0.538	0.608	0.558	0	0.758	0.707	0.728	0.741
NC6	0.871	0.877	0.871	0.865	0.885	0.876	0.884	0.880	0.861	0.835	0.896	0.852	0.879	0.874	0.883	0.850	0.871	0.868	0.892	0.960	0.877	0.959	0.867	0.853	0.851	0.880	0.871	0.868	0.882	0.882	0.801	0.597	0.760	0.750	0.753	0.830	0.736	0.786	0.772	0.733	0.758	0	0.484	0.640	0.556
NC7	0.865	0.847	0.871	0.858	0.893	0.867	0.874	0.856	0.819	0.799	0.873	0.830	0.840	0.865	0.855	0.830	0.833	0.852	0.877	0.947	0.854	0.956	0.838	0.817	0.815	0.838	0.839	0.837	0.877	0.864	0.732	0.534	0.772	0.755	0.761	0.816	0.732	0.736	0.733	0.690	0.707	0.484	0	0.646	0.551
NC8	0.883	0.887	0.902	0.897	0.928	0.907	0.917	0.878	0.848	0.842	0.887	0.864	0.890	0.909	0.897	0.832	0.869	0.877	0.917	0.950	0.899	0.957	0.890	0.871	0.871	0.880	0.870	0.870	0.908	0.904	0.761	0.742	0.727	0.788	0.763	0.853	0.785	0.716	0.764	0.800	0.728	0.640	0.646	0	0.652
NC9	0.863	0.849	0.872	0.857	0.888	0.863	0.871	0.850	0.826	0.810	0.860	0.830	0.854	0.862	0.863	0.819	0.853	0.851	0.878	0.954	0.865	0.958	0.840	0.829	0.818	0.848	0.854	0.847	0.877	0.868	0.751	0.579	0.774	0.752	0.760	0.801	0.753	0.773	0.743	0.673	0.741	0.556	0.551	0.652	0
