jaccard_binary	HD1	HD10	HD9	HD7	HD4	MD2	MD3	MD4	HD11	HD12	HD13	HD14	HD15	MD5	HD8	MD9	MD10	MD7	MD14	HD3	MD1	MD11	HD6	HD2	HD5	MD8	MD12	MD6	NC1	NC3	NC10	NC4	NC7	NC9	NC2	NC5	NC6	NC11	NC15	NC12	NC13	NC8	NC14	MD13	MD15
HD1	0	0.458	0.455	0.453	0.425	0.443	0.451	0.437	0.483	0.469	0.487	0.495	0.493	0.472	0.475	0.483	0.492	0.476	0.501	0.452	0.458	0.497	0.452	0.476	0.481	0.497	0.521	0.503	0.530	0.524	0.540	0.528	0.533	0.532	0.526	0.521	0.538	0.522	0.524	0.515	0.545	0.567	0.533	0.686	0.664
HD10	0.458	0	0.360	0.388	0.423	0.408	0.417	0.423	0.436	0.442	0.465	0.427	0.429	0.410	0.431	0.431	0.445	0.451	0.461	0.457	0.485	0.466	0.432	0.444	0.475	0.453	0.493	0.485	0.543	0.546	0.527	0.547	0.540	0.528	0.569	0.549	0.546	0.549	0.554	0.549	0.567	0.592	0.534	0.698	0.686
HD9	0.455	0.360	0	0.393	0.406	0.405	0.405	0.404	0.423	0.459	0.448	0.404	0.405	0.441	0.425	0.418	0.462	0.453	0.445	0.447	0.475	0.484	0.447	0.474	0.480	0.453	0.504	0.509	0.575	0.537	0.521	0.530	0.543	0.536	0.575	0.550	0.540	0.545	0.547	0.537	0.559	0.592	0.534	0.702	0.693
HD7	0.453	0.388	0.393	0	0.446	0.418	0.425	0.395	0.419	0.444	0.446	0.445	0.461	0.461	0.426	0.423	0.458	0.448	0.458	0.454	0.456	0.470	0.431	0.478	0.491	0.472	0.492	0.518	0.558	0.547	0.531	0.547	0.556	0.543	0.565	0.541	0.560	0.555	0.555	0.544	0.573	0.600	0.551	0.689	0.680
HD4	0.425	0.423	0.406	0.446	0	0.401	0.403	0.389	0.460	0.471	0.465	0.460	0.442	0.461	0.444	0.468	0.463	0.466	0.482	0.418	0.457	0.468	0.465	0.458	0.457	0.475	0.501	0.502	0.527	0.522	0.521	0.525	0.535	0.546	0.552	0.529	0.548	0.520	0.520	0.502	0.526	0.577	0.514	0.687	0.657
MD2	0.443	0.408	0.405	0.418	0.401	0	0.356	0.382	0.409	0.432	0.455	0.403	0.435	0.410	0.420	0.428	0.438	0.438	0.430	0.444	0.454	0.457	0.439	0.455	0.456	0.433	0.475	0.476	0.538	0.529	0.506	0.519	0.534	0.507	0.553	0.521	0.523	0.528	0.526	0.521	0.545	0.568	0.537	0.671	0.670
MD3	0.451	0.417	0.405	0.425	0.403	0.356	0	0.387	0.438	0.453	0.465	0.427	0.456	0.441	0.438	0.433	0.443	0.437	0.440	0.430	0.443	0.469	0.438	0.446	0.466	0.451	0.489	0.486	0.539	0.520	0.514	0.491	0.545	0.536	0.553	0.524	0.520	0.528	0.533	0.522	0.546	0.565	0.527	0.691	0.680
MD4	0.437	0.423	0.404	0.395	0.389	0.382	0.387	0	0.428	0.448	0.462	0.439	0.459	0.449	0.433	0.431	0.436	0.436	0.441	0.438	0.446	0.460	0.448	0.460	0.471	0.444	0.486	0.494	0.541	0.533	0.509	0.520	0.531	0.521	0.539	0.531	0.534	0.529	0.526	0.531	0.556	0.568	0.533	0.680	0.671
HD11	0.483	0.436	0.423	0.419	0.460	0.409	0.438	0.428	0	0.395	0.396	0.402	0.409	0.495	0.436	0.443	0.487	0.464	0.453	0.473	0.471	0.454	0.454	0.506	0.514	0.466	0.467	0.523	0.572	0.549	0.533	0.543	0.571	0.557	0.577	0.553	0.555	0.521	0.547	0.519	0.544	0.605	0.536	0.677	0.688
HD12	0.469	0.442	0.459	0.444	0.471	0.432	0.453	0.448	0.395	0	0.449	0.402	0.442	0.483	0.434	0.454	0.480	0.475	0.453	0.491	0.491	0.467	0.460	0.505	0.532	0.466	0.465	0.512	0.550	0.562	0.525	0.528	0.553	0.551	0.566	0.540	0.545	0.510	0.529	0.512	0.537	0.600	0.542	0.656	0.663
HD13	0.487	0.465	0.448	0.446	0.465	0.455	0.465	0.462	0.396	0.449	0	0.452	0.446	0.513	0.424	0.451	0.507	0.499	0.484	0.483	0.504	0.514	0.482	0.539	0.534	0.490	0.510	0.529	0.596	0.593	0.566	0.576	0.602	0.604	0.615	0.579	0.602	0.570	0.569	0.524	0.576	0.638	0.524	0.692	0.699
HD14	0.495	0.427	0.404	0.445	0.460	0.403	0.427	0.439	0.402	0.402	0.452	0	0.398	0.465	0.436	0.448	0.478	0.441	0.432	0.461	0.491	0.452	0.471	0.483	0.514	0.441	0.463	0.495	0.574	0.569	0.535	0.560	0.568	0.543	0.587	0.571	0.570	0.545	0.557	0.544	0.571	0.617	0.570	0.646	0.662
HD15	0.493	0.429	0.405	0.461	0.442	0.435	0.456	0.459	0.409	0.442	0.446	0.398	0	0.486	0.442	0.454	0.488	0.474	0.447	0.476	0.504	0.478	0.479	0.512	0.530	0.482	0.471	0.515	0.593	0.593	0.554	0.566	0.576	0.572	0.609	0.577	0.583	0.578	0.588	0.568	0.573	0.632	0.572	0.677	0.701
MD5	0.472	0.410	0.441	0.461	0.461	0.410	0.441	0.449	0.495	0.483	0.513	0.465	0.486	0	0.483	0.466	0.434	0.460	0.477	0.473	0.472	0.490	0.455	0.432	0.449	0.464	0.504	0.499	0.542	0.531	0.520	0.528	0.535	0.525	0.549	0.538	0.555	0.525	0.546	0.521	0.577	0.568	0.552	0.685	0.664
HD8	0.475	0.431	0.425	0.426	0.444	0.420	0.438	0.433	0.436	0.434	0.424	0.436	0.442	0.483	0	0.405	0.481	0.482	0.467	0.459	0.468	0.471	0.449	0.497	0.527	0.439	0.498	0.503	0.578	0.583	0.562	0.562	0.578	0.577	0.600	0.564	0.563	0.559	0.565	0.540	0.593	0.624	0.547	0.690	0.673
MD9	0.483	0.431	0.418	0.423	0.468	0.428	0.433	0.431	0.443	0.454	0.451	0.448	0.454	0.466	0.405	0	0.410	0.423	0.412	0.451	0.467	0.451	0.438	0.505	0.505	0.436	0.468	0.474	0.556	0.553	0.546	0.552	0.559	0.555	0.585	0.541	0.553	0.555	0.556	0.537	0.575	0.603	0.548	0.697	0.687
MD10	0.492	0.445	0.462	0.458	0.463	0.438	0.443	0.436	0.487	0.480	0.507	0.478	0.488	0.434	0.481	0.410	0	0.409	0.446	0.471	0.469	0.470	0.461	0.493	0.491	0.452	0.499	0.484	0.563	0.545	0.538	0.548	0.551	0.556	0.561	0.548	0.556	0.545	0.536	0.530	0.567	0.583	0.555	0.692	0.702
MD7	0.476	0.451	0.453	0.448	0.466	0.438	0.437	0.436	0.464	0.475	0.499	0.441	0.474	0.460	0.482	0.423	0.409	0	0.467	0.470	0.470	0.463	0.466	0.492	0.487	0.436	0.487	0.475	0.533	0.532	0.531	0.530	0.552	0.526	0.551	0.532	0.556	0.540	0.530	0.520	0.539	0.578	0.540	0.672	0.668
MD14	0.501	0.461	0.445	0.458	0.482	0.430	0.440	0.441	0.453	0.453	0.484	0.432	0.447	0.477	0.467	0.412	0.446	0.467	0	0.494	0.494	0.426	0.484	0.516	0.527	0.466	0.444	0.510	0.585	0.564	0.553	0.535	0.563	0.566	0.591	0.557	0.578	0.546	0.558	0.543	0.574	0.604	0.555	0.661	0.694
HD3	0.452	0.457	0.447	0.454	0.418	0.444	0.430	0.438	0.473	0.491	0.483	0.461	0.476	0.473	0.459	0.451	0.471	0.470	0.494	0	0.425	0.493	0.455	0.473	0.478	0.478	0.512	0.486	0.539	0.509	0.519	0.527	0.533	0.516	0.545	0.524	0.525	0.540	0.528	0.501	0.546	0.553	0.541	0.671	0.672
MD1	0.458	0.485	0.475	0.456	0.457	0.454	0.443	0.446	0.471	0.491	0.504	0.491	0.504	0.472	0.468	0.467	0.469	0.470	0.494	0.425	0	0.506	0.458	0.508	0.490	0.470	0.530	0.475	0.563	0.542	0.549	0.532	0.541	0.552	0.556	0.545	0.559	0.531	0.535	0.525	0.551	0.573	0.535	0.684	0.665
MD11	0.497	0.466	0.484	0.470	0.468	0.457	0.469	0.460	0.454	0.467	0.514	0.452	0.478	0.490	0.471	0.451	0.470	0.463	0.426	0.493	0.506	0	0.486	0.495	0.498	0.469	0.453	0.479	0.579	0.565	0.566	0.555	0.577	0.561	0.574	0.572	0.570	0.551	0.556	0.538	0.585	0.595	0.550	0.662	0.686
HD6	0.452	0.432	0.447	0.431	0.465	0.439	0.438	0.448	0.454	0.460	0.482	0.471	0.479	0.455	0.449	0.438	0.461	0.466	0.484	0.455	0.458	0.486	0	0.470	0.498	0.443	0.532	0.485	0.564	0.536	0.521	0.522	0.538	0.530	0.551	0.524	0.541	0.540	0.538	0.556	0.554	0.569	0.555	0.669	0.670
HD2	0.476	0.444	0.474	0.478	0.458	0.455	0.446	0.460	0.506	0.505	0.539	0.483	0.512	0.432	0.497	0.505	0.493	0.492	0.516	0.473	0.508	0.495	0.470	0	0.418	0.494	0.521	0.499	0.565	0.572	0.555	0.533	0.560	0.547	0.579	0.568	0.561	0.559	0.561	0.546	0.587	0.588	0.574	0.681	0.647
HD5	0.481	0.475	0.480	0.491	0.457	0.456	0.466	0.471	0.514	0.532	0.534	0.514	0.530	0.449	0.527	0.505	0.491	0.487	0.527	0.478	0.490	0.498	0.498	0.418	0	0.511	0.552	0.521	0.572	0.568	0.566	0.567	0.583	0.558	0.577	0.566	0.582	0.553	0.565	0.555	0.588	0.584	0.571	0.696	0.646
MD8	0.497	0.453	0.453	0.472	0.475	0.433	0.451	0.444	0.466	0.466	0.490	0.441	0.482	0.464	0.439	0.436	0.452	0.436	0.466	0.478	0.470	0.469	0.443	0.494	0.511	0	0.505	0.484	0.579	0.562	0.542	0.533	0.585	0.565	0.592	0.569	0.560	0.542	0.565	0.553	0.560	0.609	0.551	0.668	0.682
MD12	0.521	0.493	0.504	0.492	0.501	0.475	0.489	0.486	0.467	0.465	0.510	0.463	0.471	0.504	0.498	0.468	0.499	0.487	0.444	0.512	0.530	0.453	0.532	0.521	0.552	0.505	0	0.539	0.566	0.585	0.566	0.561	0.584	0.564	0.597	0.591	0.592	0.567	0.570	0.545	0.586	0.636	0.582	0.639	0.661
MD6	0.503	0.485	0.509	0.518	0.502	0.476	0.486	0.494	0.523	0.512	0.529	0.495	0.515	0.499	0.503	0.474	0.484	0.475	0.510	0.486	0.475	0.479	0.485	0.499	0.521	0.484	0.539	0	0.593	0.591	0.572	0.567	0.566	0.570	0.585	0.573	0.572	0.578	0.593	0.566	0.584	0.569	0.565	0.689	0.673
NC1	0.530	0.543	0.575	0.558	0.527	0.538	0.539	0.541	0.572	0.550	0.596	0.574	0.593	0.542	0.578	0.556	0.563	0.533	0.585	0.539	0.563	0.579	0.564	0.565	0.572	0.579	0.566	0.593	0	0.406	0.436	0.419	0.436	0.438	0.411	0.424	0.450	0.490	0.465	0.465	0.470	0.475	0.512	0.738	0.699
NC3	0.524	0.546	0.537	0.547	0.522	0.529	0.520	0.533	0.549	0.562	0.593	0.569	0.593	0.531	0.583	0.553	0.545	0.532	0.564	0.509	0.542	0.565	0.536	0.572	0.568	0.562	0.585	0.591	0.406	0	0.435	0.424	0.441	0.437	0.420	0.415	0.460	0.489	0.439	0.474	0.459	0.461	0.505	0.726	0.687
NC10	0.540	0.527	0.521	0.531	0.521	0.506	0.514	0.509	0.533	0.525	0.566	0.535	0.554	0.520	0.562	0.546	0.538	0.531	0.553	0.519	0.549	0.566	0.521	0.555	0.566	0.542	0.566	0.572	0.436	0.435	0	0.409	0.409	0.419	0.461	0.431	0.426	0.466	0.449	0.468	0.472	0.480	0.505	0.714	0.688
NC4	0.528	0.547	0.530	0.547	0.525	0.519	0.491	0.520	0.543	0.528	0.576	0.560	0.566	0.528	0.562	0.552	0.548	0.530	0.535	0.527	0.532	0.555	0.522	0.533	0.567	0.533	0.561	0.567	0.419	0.424	0.409	0	0.416	0.435	0.422	0.410	0.446	0.474	0.437	0.474	0.453	0.489	0.517	0.709	0.678
NC7	0.533	0.540	0.543	0.556	0.535	0.534	0.545	0.531	0.571	0.553	0.602	0.568	0.576	0.535	0.578	0.559	0.551	0.552	0.563	0.533	0.541	0.577	0.538	0.560	0.583	0.585	0.584	0.566	0.436	0.441	0.409	0.416	0	0.405	0.438	0.419	0.415	0.480	0.453	0.451	0.462	0.478	0.518	0.726	0.690
NC9	0.532	0.528	0.536	0.543	0.546	0.507	0.536	0.521	0.557	0.551	0.604	0.543	0.572	0.525	0.577	0.555	0.556	0.526	0.566	0.516	0.552	0.561	0.530	0.547	0.558	0.565	0.564	0.570	0.438	0.437	0.419	0.435	0.405	0	0.436	0.462	0.413	0.475	0.468	0.498	0.474	0.446	0.514	0.723	0.693
NC2	0.526	0.569	0.575	0.565	0.552	0.553	0.553	0.539	0.577	0.566	0.615	0.587	0.609	0.549	0.600	0.585	0.561	0.551	0.591	0.545	0.556	0.574	0.551	0.579	0.577	0.592	0.597	0.585	0.411	0.420	0.461	0.422	0.438	0.436	0	0.397	0.456	0.511	0.474	0.486	0.486	0.463	0.527	0.732	0.699
NC5	0.521	0.549	0.550	0.541	0.529	0.521	0.524	0.531	0.553	0.540	0.579	0.571	0.577	0.538	0.564	0.541	0.548	0.532	0.557	0.524	0.545	0.572	0.524	0.568	0.566	0.569	0.591	0.573	0.424	0.415	0.431	0.410	0.419	0.462	0.397	0	0.462	0.477	0.431	0.455	0.471	0.465	0.514	0.727	0.682
NC6	0.538	0.546	0.540	0.560	0.548	0.523	0.520	0.534	0.555	0.545	0.602	0.570	0.583	0.555	0.563	0.553	0.556	0.556	0.578	0.525	0.559	0.570	0.541	0.561	0.582	0.560	0.592	0.572	0.450	0.460	0.426	0.446	0.415	0.413	0.456	0.462	0	0.467	0.470	0.461	0.465	0.454	0.506	0.721	0.689
NC11	0.522	0.549	0.545	0.555	0.520	0.528	0.528	0.529	0.521	0.510	0.570	0.545	0.578	0.525	0.559	0.555	0.545	0.540	0.546	0.540	0.531	0.551	0.540	0.559	0.553	0.542	0.567	0.578	0.490	0.489	0.466	0.474	0.480	0.475	0.511	0.477	0.467	0	0.404	0.414	0.421	0.499	0.472	0.707	0.673
NC15	0.524	0.554	0.547	0.555	0.520	0.526	0.533	0.526	0.547	0.529	0.569	0.557	0.588	0.546	0.565	0.556	0.536	0.530	0.558	0.528	0.535	0.556	0.538	0.561	0.565	0.565	0.570	0.593	0.465	0.439	0.449	0.437	0.453	0.468	0.474	0.431	0.470	0.404	0	0.418	0.435	0.495	0.477	0.721	0.687
NC12	0.515	0.549	0.537	0.544	0.502	0.521	0.522	0.531	0.519	0.512	0.524	0.544	0.568	0.521	0.540	0.537	0.530	0.520	0.543	0.501	0.525	0.538	0.556	0.546	0.555	0.553	0.545	0.566	0.465	0.474	0.468	0.474	0.451	0.498	0.486	0.455	0.461	0.414	0.418	0	0.412	0.509	0.460	0.708	0.671
NC13	0.545	0.567	0.559	0.573	0.526	0.545	0.546	0.556	0.544	0.537	0.576	0.571	0.573	0.577	0.593	0.575	0.567	0.539	0.574	0.546	0.551	0.585	0.554	0.587	0.588	0.560	0.586	0.584	0.470	0.459	0.472	0.453	0.462	0.474	0.486	0.471	0.465	0.421	0.435	0.412	0	0.495	0.459	0.737	0.705
NC8	0.567	0.592	0.592	0.600	0.577	0.568	0.565	0.568	0.605	0.600	0.638	0.617	0.632	0.568	0.624	0.603	0.583	0.578	0.604	0.553	0.573	0.595	0.569	0.588	0.584	0.609	0.636	0.569	0.475	0.461	0.480	0.489	0.478	0.446	0.463	0.465	0.454	0.499	0.495	0.509	0.495	0	0.516	0.720	0.689
NC14	0.533	0.534	0.534	0.551	0.514	0.537	0.527	0.533	0.536	0.542	0.524	0.570	0.572	0.552	0.547	0.548	0.555	0.540	0.555	0.541	0.535	0.550	0.555	0.574	0.571	0.551	0.582	0.565	0.512	0.505	0.505	0.517	0.518	0.514	0.527	0.514	0.506	0.472	0.477	0.460	0.459	0.516	0	0.740	0.708
MD13	0.686	0.698	0.702	0.689	0.687	0.671	0.691	0.680	0.677	0.656	0.692	0.646	0.677	0.685	0.690	0.697	0.692	0.672	0.661	0.671	0.684	0.662	0.669	0.681	0.696	0.668	0.639	0.689	0.738	0.726	0.714	0.709	0.726	0.723	0.732	0.727	0.721	0.707	0.721	0.708	0.737	0.720	0.740	0	0.557
MD15	0.664	0.686	0.693	0.680	0.657	0.670	0.680	0.671	0.688	0.663	0.699	0.662	0.701	0.664	0.673	0.687	0.702	0.668	0.694	0.672	0.665	0.686	0.670	0.647	0.646	0.682	0.661	0.673	0.699	0.687	0.688	0.678	0.690	0.693	0.699	0.682	0.689	0.673	0.687	0.671	0.705	0.689	0.708	0.557	0
