bray_curtis	HDA	HDB	HDC	MDA	MDB	MDC	NCA	NCB	NCC
HDA	0	0.576	0.656	0.475	0.613	0.861	0.689	0.823	0.862
HDB	0.576	0	0.403	0.474	0.391	0.748	0.831	0.833	0.875
HDC	0.656	0.403	0	0.565	0.472	0.769	0.891	0.892	0.885
MDA	0.475	0.474	0.565	0	0.374	0.748	0.644	0.783	0.786
MDB	0.613	0.391	0.472	0.374	0	0.714	0.748	0.868	0.841
MDC	0.861	0.748	0.769	0.748	0.714	0	0.843	0.932	0.853
NCA	0.689	0.831	0.891	0.644	0.748	0.843	0	0.613	0.690
NCB	0.823	0.833	0.892	0.783	0.868	0.932	0.613	0	0.593
NCC	0.862	0.875	0.885	0.786	0.841	0.853	0.690	0.593	0
