bray_curtis_binary	HDA	HDB	MDB	MDA	HDC	NCA	NCB	NCC	MDC
HDA	0	0.429	0.429	0.368	0.542	0.641	0.730	0.787	0.758
HDB	0.429	0	0.238	0.349	0.311	0.765	0.753	0.829	0.644
MDB	0.429	0.238	0	0.277	0.400	0.765	0.802	0.805	0.644
MDA	0.368	0.349	0.277	0	0.483	0.690	0.700	0.728	0.694
HDC	0.542	0.311	0.400	0.483	0	0.846	0.839	0.841	0.671
NCA	0.641	0.765	0.765	0.690	0.846	0	0.463	0.590	0.811
NCB	0.730	0.753	0.802	0.700	0.839	0.463	0	0.468	0.886
NCC	0.787	0.829	0.805	0.728	0.841	0.590	0.468	0	0.803
MDC	0.758	0.644	0.644	0.694	0.671	0.811	0.886	0.803	0
