euclidean	HDA	HDB	MDB	MDA	HDC	MDC	NCA	NCB	NCC
HDA	0	5.74	5.74	5.29	6.71	7.07	7.07	7.35	7.68
HDB	5.74	0	4.47	5.39	5.29	6.86	8.06	7.81	8.25
MDB	5.74	4.47	0	4.80	6.00	6.86	8.06	8.06	8.12
MDA	5.29	5.39	4.80	0	6.56	7.07	7.62	7.48	7.68
HDC	6.71	5.29	6.00	6.56	0	7.28	8.77	8.54	8.60
MDC	7.07	6.86	6.86	7.07	7.28	0	7.75	7.87	7.55
NCA	7.07	8.06	8.06	7.62	8.77	7.75	0	6.16	7.00
NCB	7.35	7.81	8.06	7.48	8.54	7.87	6.16	0	6.08
NCC	7.68	8.25	8.12	7.68	8.60	7.55	7.00	6.08	0
