jaccard	HDA	HDB	MDA	MDB	HDC	NCA	NCB	NCC	MDC
HDA	0	0.731	0.644	0.760	0.792	0.816	0.903	0.926	0.925
HDB	0.731	0	0.643	0.563	0.575	0.907	0.909	0.933	0.856
MDA	0.644	0.643	0	0.544	0.722	0.784	0.879	0.880	0.856
MDB	0.760	0.563	0.544	0	0.641	0.856	0.929	0.913	0.833
HDC	0.792	0.575	0.722	0.641	0	0.942	0.943	0.939	0.869
NCA	0.816	0.907	0.784	0.856	0.942	0	0.760	0.816	0.915
NCB	0.903	0.909	0.879	0.929	0.943	0.760	0	0.745	0.965
NCC	0.926	0.933	0.880	0.913	0.939	0.816	0.745	0	0.921
MDC	0.925	0.856	0.856	0.833	0.869	0.915	0.965	0.921	0
