bray_curtis	H60	H63	H61	H94	H79	H62	M33	M34	M30	L91	L38	L70	H67	H68	M54	M55	M58	M56	M31	M57	M59	H95	H96	M32	H64	L36	L39	L76	L77	L93	L92	L73	M35	L37	H66	N12	N13	N90	N86	N87	N51	N15	N53	N16	N17	N88	N52
H60	0	0.378	0.631	0.424	0.467	0.898	0.796	0.762	0.688	0.841	0.833	0.794	0.581	0.662	0.449	0.474	0.523	0.589	0.743	0.609	0.708	0.744	0.766	0.790	0.750	0.856	0.662	0.588	0.721	0.759	0.723	0.783	0.800	0.821	0.730	0.956	0.972	0.954	0.928	0.926	0.850	0.927	0.925	0.955	0.858	0.791	0.914
H63	0.378	0	0.714	0.565	0.627	0.853	0.838	0.859	0.771	0.869	0.893	0.852	0.672	0.733	0.619	0.591	0.690	0.771	0.864	0.742	0.794	0.803	0.779	0.817	0.822	0.884	0.716	0.659	0.656	0.742	0.783	0.810	0.814	0.835	0.776	0.985	0.986	0.984	0.971	0.941	0.864	0.956	0.939	0.985	0.873	0.880	0.913
H61	0.631	0.714	0	0.389	0.443	0.648	0.662	0.635	0.479	0.720	0.635	0.716	0.627	0.702	0.667	0.681	0.615	0.781	0.490	0.580	0.479	0.478	0.577	0.581	0.589	0.611	0.701	0.660	0.701	0.667	0.630	0.622	0.689	0.741	0.847	0.915	0.918	0.896	0.902	0.957	0.971	0.887	0.870	0.927	0.924	0.928	0.931
H94	0.424	0.565	0.389	0	0.435	0.786	0.729	0.767	0.625	0.773	0.704	0.755	0.591	0.655	0.508	0.588	0.504	0.667	0.550	0.544	0.529	0.676	0.671	0.699	0.612	0.732	0.683	0.568	0.712	0.691	0.684	0.787	0.805	0.723	0.814	0.986	1.000	0.985	0.943	0.957	0.912	0.929	0.926	0.956	0.892	0.898	0.930
H79	0.467	0.627	0.443	0.435	0	0.809	0.721	0.732	0.629	0.839	0.740	0.763	0.672	0.748	0.635	0.697	0.550	0.657	0.687	0.682	0.691	0.606	0.721	0.775	0.674	0.754	0.688	0.585	0.688	0.712	0.628	0.650	0.674	0.759	0.744	0.970	0.986	0.969	0.927	0.970	0.924	0.912	0.894	0.939	0.889	0.910	0.942
H62	0.898	0.853	0.648	0.786	0.809	0	0.304	0.486	0.451	0.424	0.519	0.445	0.769	0.737	0.797	0.821	0.710	0.915	0.624	0.731	0.551	0.731	0.478	0.597	0.562	0.543	0.818	0.766	0.785	0.746	0.756	0.727	0.710	0.704	0.843	0.708	0.676	0.786	0.914	0.985	0.955	0.797	0.821	0.925	0.938	0.941	0.929
M33	0.796	0.838	0.662	0.729	0.721	0.304	0	0.375	0.423	0.568	0.594	0.474	0.662	0.693	0.719	0.746	0.634	0.817	0.570	0.642	0.623	0.791	0.478	0.528	0.693	0.586	0.776	0.737	0.815	0.731	0.725	0.683	0.649	0.778	0.827	0.708	0.690	0.786	0.885	0.956	0.925	0.783	0.806	0.910	0.922	0.896	0.914
M34	0.762	0.859	0.635	0.767	0.732	0.486	0.375	0	0.514	0.628	0.583	0.552	0.706	0.734	0.761	0.700	0.737	0.811	0.652	0.686	0.611	0.714	0.569	0.587	0.748	0.644	0.664	0.720	0.721	0.643	0.664	0.683	0.679	0.787	0.835	0.692	0.689	0.766	0.876	0.930	0.943	0.819	0.800	0.899	0.940	0.901	0.877
M30	0.688	0.771	0.479	0.625	0.629	0.451	0.423	0.514	0	0.538	0.460	0.589	0.567	0.645	0.576	0.565	0.437	0.685	0.477	0.493	0.493	0.609	0.465	0.500	0.504	0.542	0.660	0.702	0.731	0.623	0.644	0.566	0.556	0.698	0.725	0.844	0.849	0.822	0.874	0.957	0.913	0.817	0.797	0.927	0.894	0.871	0.903
L91	0.841	0.869	0.720	0.773	0.839	0.424	0.568	0.628	0.538	0	0.433	0.449	0.679	0.623	0.767	0.719	0.682	0.860	0.600	0.644	0.597	0.748	0.597	0.600	0.493	0.589	0.750	0.783	0.863	0.763	0.818	0.857	0.803	0.559	0.844	0.783	0.790	0.803	0.900	0.971	0.941	0.813	0.837	0.910	0.938	0.897	0.872
L38	0.833	0.893	0.635	0.704	0.740	0.519	0.594	0.583	0.460	0.433	0	0.424	0.648	0.652	0.724	0.721	0.619	0.839	0.625	0.628	0.549	0.659	0.609	0.626	0.545	0.481	0.507	0.636	0.680	0.535	0.603	0.716	0.730	0.600	0.705	0.894	0.883	0.873	0.910	0.970	0.953	0.835	0.814	0.859	0.935	0.908	0.881
L70	0.794	0.852	0.716	0.755	0.763	0.445	0.474	0.552	0.589	0.449	0.424	0	0.643	0.647	0.748	0.759	0.677	0.830	0.635	0.669	0.577	0.805	0.562	0.580	0.618	0.540	0.634	0.676	0.752	0.609	0.708	0.797	0.815	0.582	0.873	0.735	0.716	0.769	0.855	0.941	0.895	0.766	0.789	0.879	0.890	0.881	0.856
H67	0.581	0.672	0.627	0.591	0.672	0.769	0.662	0.706	0.567	0.679	0.648	0.643	0	0.411	0.467	0.524	0.415	0.537	0.645	0.556	0.662	0.460	0.538	0.662	0.612	0.712	0.585	0.659	0.738	0.556	0.626	0.710	0.675	0.606	0.681	0.984	0.970	0.967	0.954	0.907	0.810	0.908	0.937	0.952	0.883	0.890	0.848
H68	0.662	0.733	0.702	0.655	0.748	0.737	0.693	0.734	0.645	0.623	0.652	0.647	0.411	0	0.654	0.639	0.554	0.759	0.716	0.699	0.737	0.579	0.606	0.734	0.618	0.727	0.606	0.618	0.690	0.624	0.615	0.739	0.677	0.567	0.619	0.897	0.915	0.892	0.812	0.809	0.789	0.825	0.835	0.848	0.843	0.746	0.827
M54	0.449	0.619	0.667	0.508	0.635	0.797	0.719	0.761	0.576	0.767	0.724	0.748	0.467	0.654	0	0.306	0.372	0.379	0.612	0.435	0.563	0.726	0.734	0.791	0.685	0.785	0.639	0.748	0.850	0.710	0.702	0.736	0.802	0.744	0.744	0.984	1.000	0.983	0.969	0.937	0.855	0.953	0.952	0.967	0.915	0.920	0.938
M55	0.474	0.591	0.681	0.588	0.697	0.821	0.746	0.700	0.565	0.719	0.721	0.759	0.524	0.639	0.306	0	0.402	0.420	0.683	0.523	0.642	0.723	0.731	0.686	0.639	0.765	0.626	0.729	0.825	0.723	0.748	0.674	0.732	0.756	0.756	0.955	0.971	0.953	0.956	0.910	0.862	0.940	0.938	0.938	0.903	0.878	0.912
M58	0.523	0.690	0.615	0.504	0.550	0.710	0.634	0.737	0.437	0.682	0.619	0.677	0.415	0.554	0.372	0.402	0	0.481	0.606	0.496	0.557	0.606	0.649	0.664	0.569	0.654	0.618	0.646	0.789	0.669	0.645	0.606	0.629	0.688	0.667	0.985	0.985	0.952	0.939	0.938	0.843	0.939	0.953	0.937	0.884	0.875	0.940
M56	0.589	0.771	0.781	0.667	0.657	0.915	0.817	0.811	0.685	0.860	0.839	0.830	0.537	0.759	0.379	0.420	0.481	0	0.725	0.580	0.718	0.768	0.746	0.838	0.816	0.889	0.755	0.787	0.881	0.797	0.807	0.762	0.733	0.842	0.817	0.972	0.986	0.970	0.930	0.915	0.797	0.944	0.957	0.927	0.909	0.899	0.931
M31	0.743	0.864	0.490	0.550	0.687	0.624	0.570	0.652	0.477	0.600	0.625	0.635	0.645	0.716	0.612	0.683	0.606	0.725	0	0.434	0.436	0.628	0.544	0.471	0.608	0.656	0.779	0.838	0.887	0.766	0.817	0.840	0.845	0.726	0.913	0.851	0.856	0.845	0.907	0.973	0.959	0.852	0.834	0.931	0.928	0.918	0.907
M57	0.609	0.742	0.580	0.544	0.682	0.731	0.642	0.686	0.493	0.644	0.628	0.669	0.556	0.699	0.435	0.523	0.496	0.580	0.434	0	0.328	0.677	0.627	0.657	0.654	0.691	0.727	0.789	0.889	0.738	0.811	0.793	0.811	0.756	0.886	0.910	0.928	0.906	0.896	0.940	0.877	0.925	0.908	0.969	0.919	0.908	0.926
M59	0.708	0.794	0.479	0.529	0.691	0.551	0.623	0.611	0.493	0.597	0.549	0.577	0.662	0.737	0.563	0.642	0.557	0.718	0.436	0.328	0	0.642	0.522	0.583	0.606	0.571	0.762	0.781	0.846	0.701	0.740	0.770	0.817	0.748	0.858	0.854	0.845	0.832	0.914	0.971	0.955	0.841	0.836	0.940	0.922	0.941	0.914
H95	0.744	0.803	0.478	0.676	0.606	0.731	0.791	0.714	0.609	0.748	0.659	0.805	0.460	0.579	0.726	0.723	0.606	0.768	0.628	0.677	0.642	0	0.522	0.729	0.639	0.647	0.583	0.774	0.714	0.554	0.559	0.644	0.606	0.649	0.659	0.985	0.971	0.969	0.970	0.985	0.908	0.955	0.923	0.938	0.919	0.908	0.897
H96	0.766	0.779	0.577	0.671	0.721	0.478	0.478	0.569	0.465	0.597	0.609	0.562	0.538	0.606	0.734	0.731	0.649	0.746	0.544	0.627	0.522	0.522	0	0.569	0.708	0.657	0.636	0.723	0.754	0.582	0.725	0.712	0.634	0.615	0.843	0.810	0.817	0.802	0.871	0.942	0.866	0.783	0.806	0.925	0.891	0.911	0.871
M32	0.790	0.817	0.581	0.699	0.775	0.597	0.528	0.587	0.500	0.600	0.626	0.580	0.662	0.734	0.791	0.686	0.664	0.838	0.471	0.657	0.583	0.729	0.569	0	0.636	0.575	0.772	0.790	0.765	0.686	0.752	0.697	0.737	0.801	0.880	0.804	0.784	0.781	0.903	0.972	0.957	0.819	0.814	0.942	0.910	0.915	0.877
H64	0.750	0.822	0.589	0.612	0.674	0.562	0.693	0.748	0.504	0.493	0.545	0.618	0.612	0.618	0.685	0.639	0.569	0.816	0.608	0.654	0.606	0.639	0.708	0.636	0	0.410	0.718	0.735	0.829	0.684	0.646	0.696	0.738	0.642	0.778	1.000	0.986	0.985	0.971	0.941	0.925	0.927	0.940	0.939	0.921	0.910	0.914
L36	0.856	0.884	0.611	0.732	0.754	0.543	0.586	0.644	0.542	0.589	0.481	0.540	0.712	0.727	0.785	0.765	0.654	0.889	0.656	0.691	0.571	0.647	0.657	0.575	0.410	0	0.655	0.669	0.727	0.603	0.564	0.645	0.729	0.664	0.736	0.899	0.889	0.865	0.901	0.971	0.926	0.857	0.853	0.896	0.938	0.912	0.930
L39	0.662	0.716	0.701	0.683	0.688	0.818	0.776	0.664	0.660	0.750	0.507	0.634	0.585	0.606	0.639	0.626	0.618	0.755	0.779	0.727	0.762	0.583	0.636	0.772	0.718	0.655	0	0.620	0.600	0.496	0.588	0.681	0.721	0.586	0.667	0.986	1.000	0.985	0.972	0.944	0.914	0.958	0.957	0.928	0.925	0.886	0.903
L76	0.588	0.659	0.660	0.568	0.585	0.766	0.737	0.720	0.702	0.783	0.636	0.676	0.659	0.618	0.748	0.729	0.646	0.787	0.838	0.789	0.781	0.774	0.723	0.790	0.735	0.669	0.620	0	0.535	0.549	0.492	0.623	0.662	0.716	0.730	0.853	0.887	0.815	0.783	0.868	0.774	0.825	0.880	0.788	0.874	0.701	0.871
L77	0.721	0.656	0.701	0.712	0.688	0.785	0.815	0.721	0.731	0.863	0.680	0.752	0.738	0.690	0.850	0.825	0.789	0.881	0.887	0.889	0.846	0.714	0.754	0.765	0.829	0.727	0.600	0.535	0	0.444	0.545	0.557	0.642	0.780	0.597	0.876	0.881	0.870	0.878	0.907	0.905	0.846	0.810	0.872	0.817	0.858	0.864
L93	0.759	0.742	0.667	0.691	0.712	0.746	0.731	0.643	0.623	0.763	0.535	0.609	0.556	0.624	0.710	0.723	0.669	0.797	0.766	0.738	0.701	0.554	0.582	0.686	0.684	0.603	0.496	0.549	0.444	0	0.449	0.526	0.638	0.664	0.691	0.940	0.928	0.906	0.926	0.895	0.846	0.896	0.923	0.907	0.823	0.847	0.838
L92	0.723	0.783	0.630	0.684	0.628	0.756	0.725	0.664	0.644	0.818	0.603	0.708	0.626	0.615	0.702	0.748	0.645	0.807	0.817	0.811	0.740	0.559	0.725	0.752	0.646	0.564	0.588	0.492	0.545	0.449	0	0.500	0.565	0.750	0.650	0.892	0.881	0.855	0.864	0.923	0.827	0.847	0.858	0.841	0.884	0.797	0.880
L73	0.783	0.810	0.622	0.787	0.650	0.727	0.683	0.683	0.566	0.857	0.716	0.797	0.710	0.739	0.736	0.674	0.606	0.762	0.840	0.793	0.770	0.644	0.712	0.697	0.696	0.645	0.681	0.623	0.557	0.526	0.500	0	0.485	0.838	0.672	0.928	0.930	0.924	0.929	0.913	0.896	0.899	0.896	0.925	0.907	0.868	0.872
M35	0.800	0.814	0.689	0.805	0.674	0.710	0.649	0.679	0.556	0.803	0.730	0.815	0.675	0.677	0.802	0.732	0.629	0.733	0.845	0.811	0.817	0.606	0.634	0.737	0.738	0.729	0.721	0.662	0.642	0.638	0.565	0.485	0	0.813	0.717	0.923	0.911	0.903	0.864	0.908	0.795	0.863	0.874	0.857	0.868	0.844	0.850
L37	0.821	0.835	0.741	0.723	0.759	0.704	0.778	0.787	0.698	0.559	0.600	0.582	0.606	0.567	0.744	0.756	0.688	0.842	0.726	0.756	0.748	0.649	0.615	0.801	0.642	0.664	0.586	0.716	0.780	0.664	0.750	0.838	0.813	0	0.839	0.985	0.986	0.984	0.941	0.970	0.893	0.926	0.939	0.938	0.904	0.879	0.898
H66	0.730	0.776	0.847	0.814	0.744	0.843	0.827	0.835	0.725	0.844	0.705	0.873	0.681	0.619	0.744	0.756	0.667	0.817	0.913	0.886	0.858	0.659	0.843	0.880	0.778	0.736	0.667	0.730	0.597	0.691	0.650	0.672	0.717	0.839	0	0.921	0.954	0.933	0.906	0.937	0.902	0.890	0.854	0.803	0.863	0.839	0.938
N12	0.956	0.985	0.915	0.986	0.970	0.708	0.708	0.692	0.844	0.783	0.894	0.735	0.984	0.897	0.984	0.955	0.985	0.972	0.851	0.910	0.854	0.985	0.810	0.804	1.000	0.899	0.986	0.853	0.876	0.940	0.892	0.928	0.923	0.985	0.921	0	0.191	0.354	0.609	0.750	0.865	0.664	0.714	0.667	0.827	0.627	0.914
N13	0.972	0.986	0.918	1.000	0.986	0.676	0.690	0.689	0.849	0.790	0.883	0.716	0.970	0.915	1.000	0.971	0.985	0.986	0.856	0.928	0.845	0.971	0.817	0.784	0.986	0.889	1.000	0.887	0.881	0.928	0.881	0.930	0.911	0.986	0.954	0.191	0	0.378	0.692	0.872	0.884	0.662	0.754	0.664	0.864	0.770	0.917
N90	0.954	0.984	0.896	0.985	0.969	0.786	0.786	0.766	0.822	0.803	0.873	0.769	0.967	0.892	0.983	0.953	0.952	0.970	0.845	0.906	0.832	0.969	0.802	0.781	0.985	0.865	0.985	0.815	0.870	0.906	0.855	0.924	0.903	0.984	0.933	0.354	0.378	0	0.485	0.662	0.717	0.573	0.701	0.619	0.785	0.625	0.835
N86	0.928	0.971	0.902	0.943	0.927	0.914	0.885	0.876	0.874	0.900	0.910	0.855	0.954	0.812	0.969	0.956	0.939	0.930	0.907	0.896	0.914	0.970	0.871	0.903	0.971	0.901	0.972	0.783	0.878	0.926	0.864	0.929	0.864	0.941	0.906	0.609	0.692	0.485	0	0.478	0.556	0.597	0.644	0.657	0.721	0.574	0.759
N87	0.926	0.941	0.957	0.957	0.970	0.985	0.956	0.930	0.957	0.971	0.970	0.941	0.907	0.809	0.937	0.910	0.938	0.915	0.973	0.940	0.971	0.985	0.942	0.972	0.941	0.971	0.944	0.868	0.907	0.895	0.923	0.913	0.908	0.970	0.937	0.750	0.872	0.662	0.478	0	0.549	0.766	0.805	0.803	0.717	0.597	0.712
N51	0.850	0.864	0.971	0.912	0.924	0.955	0.925	0.943	0.913	0.941	0.953	0.895	0.810	0.789	0.855	0.862	0.843	0.797	0.959	0.877	0.955	0.908	0.866	0.957	0.925	0.926	0.914	0.774	0.905	0.846	0.827	0.896	0.795	0.893	0.902	0.865	0.884	0.717	0.556	0.549	0	0.642	0.723	0.674	0.581	0.634	0.632
N15	0.927	0.956	0.887	0.929	0.912	0.797	0.783	0.819	0.817	0.813	0.835	0.766	0.908	0.825	0.953	0.940	0.939	0.944	0.852	0.925	0.841	0.955	0.783	0.819	0.927	0.857	0.958	0.825	0.846	0.896	0.847	0.899	0.863	0.926	0.890	0.664	0.662	0.573	0.597	0.766	0.642	0	0.403	0.609	0.609	0.689	0.700
N53	0.925	0.939	0.870	0.926	0.894	0.821	0.806	0.800	0.797	0.837	0.814	0.789	0.937	0.835	0.952	0.938	0.953	0.957	0.834	0.908	0.836	0.923	0.806	0.814	0.940	0.853	0.957	0.880	0.810	0.923	0.858	0.896	0.874	0.939	0.854	0.714	0.754	0.701	0.644	0.805	0.723	0.403	0	0.519	0.565	0.786	0.647
N16	0.955	0.985	0.927	0.956	0.939	0.925	0.910	0.899	0.927	0.910	0.859	0.879	0.952	0.848	0.967	0.938	0.937	0.927	0.931	0.969	0.940	0.938	0.925	0.942	0.939	0.896	0.928	0.788	0.872	0.907	0.841	0.925	0.857	0.938	0.803	0.667	0.664	0.619	0.657	0.803	0.674	0.609	0.519	0	0.740	0.754	0.704
N17	0.858	0.873	0.924	0.892	0.889	0.938	0.922	0.940	0.894	0.938	0.935	0.890	0.883	0.843	0.915	0.903	0.884	0.909	0.928	0.919	0.922	0.919	0.891	0.910	0.921	0.938	0.925	0.874	0.817	0.823	0.884	0.907	0.868	0.904	0.863	0.827	0.864	0.785	0.721	0.717	0.581	0.609	0.565	0.740	0	0.712	0.600
N88	0.791	0.880	0.928	0.898	0.910	0.941	0.896	0.901	0.871	0.897	0.908	0.881	0.890	0.746	0.920	0.878	0.875	0.899	0.918	0.908	0.941	0.908	0.911	0.915	0.910	0.912	0.886	0.701	0.858	0.847	0.797	0.868	0.844	0.879	0.839	0.627	0.770	0.625	0.574	0.597	0.634	0.689	0.786	0.754	0.712	0	0.796
N52	0.914	0.913	0.931	0.930	0.942	0.929	0.914	0.877	0.903	0.872	0.881	0.856	0.848	0.827	0.938	0.912	0.940	0.931	0.907	0.926	0.914	0.897	0.871	0.877	0.914	0.930	0.903	0.871	0.864	0.838	0.880	0.872	0.850	0.898	0.938	0.914	0.917	0.835	0.759	0.712	0.632	0.700	0.647	0.704	0.600	0.796	0
