bray_curtis_binary	HD1	HD10	HD11	HD12	HD14	HD13	HD15	HD8	HD4	HD6	HD7	MD2	MD4	MD3	HD9	MD10	MD7	MD9	MD6	MD1	HD3	MD8	HD2	HD5	MD5	MD11	NC1	NC3	NC2	NC5	NC10	NC4	NC9	NC6	NC7	NC8	NC11	NC12	NC15	NC13	MD12	MD14	NC14	MD13	MD15
HD1	0	0.590	0.688	0.692	0.696	0.630	0.658	0.575	0.471	0.571	0.506	0.657	0.512	0.534	0.541	0.768	0.636	0.605	0.650	0.552	0.761	0.529	0.515	0.661	0.667	0.759	0.893	0.892	0.855	0.818	0.857	0.821	0.868	0.824	0.884	0.840	0.944	0.917	0.915	1.000	0.803	0.810	0.913	1.000	1.000
HD10	0.590	0	0.518	0.524	0.459	0.586	0.561	0.581	0.505	0.400	0.446	0.500	0.409	0.544	0.425	0.600	0.518	0.563	0.605	0.644	0.699	0.595	0.528	0.631	0.462	0.596	0.802	0.825	0.760	0.807	0.842	0.833	0.854	0.892	0.813	0.852	0.818	0.897	0.870	0.870	0.714	0.644	0.813	0.972	1.000
HD11	0.688	0.518	0	0.325	0.310	0.349	0.358	0.553	0.587	0.573	0.488	0.653	0.586	0.564	0.494	0.757	0.585	0.512	0.694	0.667	0.750	0.534	0.690	0.813	0.662	0.500	0.900	0.899	0.892	0.902	0.893	0.880	0.901	0.836	0.865	0.900	0.789	0.844	0.868	0.789	0.605	0.528	0.838	0.972	1.000
HD12	0.692	0.524	0.325	0	0.271	0.471	0.366	0.605	0.634	0.533	0.494	0.579	0.568	0.570	0.575	0.707	0.566	0.609	0.721	0.699	0.781	0.622	0.611	0.692	0.641	0.551	0.852	0.875	0.840	0.831	0.868	0.833	0.854	0.838	0.867	0.877	0.792	0.821	0.870	0.792	0.584	0.644	0.893	0.944	0.965
HD14	0.696	0.459	0.310	0.271	0	0.432	0.325	0.563	0.638	0.538	0.548	0.662	0.640	0.700	0.531	0.789	0.595	0.591	0.724	0.757	0.865	0.573	0.589	0.667	0.595	0.533	0.902	0.901	0.921	0.881	0.922	0.859	0.880	0.840	0.895	0.927	0.846	0.848	0.897	0.821	0.641	0.626	0.842	0.945	0.966
HD13	0.630	0.586	0.349	0.471	0.432	0	0.247	0.371	0.646	0.570	0.372	0.595	0.582	0.561	0.470	0.718	0.628	0.400	0.753	0.684	0.816	0.558	0.707	0.794	0.704	0.609	0.905	0.880	0.923	0.860	0.848	0.839	0.906	0.870	0.923	0.929	0.850	0.852	0.850	0.875	0.600	0.570	0.846	1.000	1.000
HD15	0.658	0.561	0.358	0.366	0.325	0.247	0	0.452	0.648	0.500	0.432	0.595	0.558	0.610	0.513	0.726	0.605	0.506	0.714	0.690	0.803	0.556	0.686	0.746	0.658	0.609	0.899	0.897	0.918	0.852	0.838	0.854	0.875	0.833	0.863	0.924	0.813	0.842	0.840	0.867	0.627	0.591	0.836	0.971	1.000
HD8	0.575	0.581	0.553	0.605	0.563	0.371	0.452	0	0.621	0.565	0.412	0.615	0.578	0.580	0.537	0.636	0.647	0.438	0.636	0.573	0.680	0.579	0.757	0.791	0.725	0.582	0.831	0.805	0.818	0.741	0.769	0.744	0.833	0.868	0.818	0.928	0.823	0.800	0.873	0.873	0.747	0.630	0.844	0.973	1.000
HD4	0.471	0.505	0.587	0.634	0.638	0.646	0.648	0.621	0	0.313	0.457	0.553	0.423	0.500	0.506	0.595	0.500	0.542	0.600	0.488	0.463	0.590	0.580	0.649	0.586	0.571	0.711	0.708	0.690	0.696	0.788	0.720	0.780	0.783	0.690	0.756	0.837	0.793	0.791	0.907	0.767	0.677	0.881	0.975	1.000
HD6	0.571	0.400	0.573	0.533	0.538	0.570	0.500	0.565	0.313	0	0.371	0.537	0.447	0.529	0.558	0.556	0.393	0.548	0.413	0.418	0.494	0.425	0.538	0.577	0.476	0.474	0.724	0.744	0.753	0.730	0.805	0.733	0.773	0.775	0.704	0.747	0.831	0.833	0.807	0.855	0.759	0.667	0.827	0.974	1.000
HD7	0.506	0.446	0.488	0.494	0.548	0.372	0.432	0.412	0.457	0.371	0	0.413	0.356	0.410	0.367	0.595	0.512	0.442	0.576	0.500	0.611	0.507	0.549	0.625	0.455	0.568	0.775	0.772	0.703	0.683	0.787	0.735	0.827	0.890	0.784	0.825	0.816	0.870	0.816	0.868	0.658	0.596	0.838	0.972	1.000
MD2	0.657	0.500	0.653	0.579	0.662	0.595	0.595	0.615	0.553	0.537	0.413	0	0.325	0.380	0.528	0.433	0.387	0.443	0.590	0.600	0.631	0.515	0.594	0.579	0.486	0.630	0.671	0.722	0.731	0.733	0.735	0.737	0.865	0.909	0.761	0.918	0.826	0.857	0.797	0.971	0.536	0.610	0.881	0.969	1.000
MD4	0.512	0.409	0.586	0.568	0.640	0.582	0.558	0.578	0.423	0.447	0.356	0.325	0	0.325	0.452	0.519	0.517	0.451	0.600	0.558	0.610	0.590	0.605	0.652	0.463	0.656	0.741	0.786	0.722	0.747	0.775	0.773	0.837	0.897	0.772	0.859	0.802	0.878	0.827	0.926	0.679	0.617	0.823	0.974	1.000
MD3	0.534	0.544	0.564	0.570	0.700	0.561	0.610	0.580	0.500	0.529	0.410	0.380	0.325	0	0.520	0.457	0.436	0.415	0.654	0.529	0.529	0.623	0.552	0.633	0.534	0.667	0.684	0.733	0.686	0.667	0.746	0.696	0.844	0.855	0.743	0.816	0.778	0.753	0.750	0.889	0.639	0.576	0.857	0.970	1.000
HD9	0.541	0.425	0.494	0.575	0.531	0.470	0.513	0.537	0.506	0.558	0.367	0.528	0.452	0.520	0	0.775	0.620	0.470	0.732	0.681	0.797	0.571	0.588	0.672	0.541	0.553	0.896	0.868	0.887	0.873	0.889	0.850	0.923	0.914	0.859	0.896	0.890	0.946	0.890	0.918	0.726	0.605	0.887	0.971	1.000
MD10	0.768	0.600	0.757	0.707	0.789	0.718	0.726	0.636	0.595	0.556	0.595	0.433	0.519	0.457	0.775	0	0.351	0.487	0.506	0.563	0.563	0.692	0.746	0.679	0.536	0.600	0.667	0.690	0.606	0.676	0.791	0.733	0.863	0.877	0.697	0.750	0.735	0.739	0.735	0.882	0.618	0.654	0.788	0.968	1.000
MD7	0.636	0.518	0.585	0.566	0.595	0.628	0.605	0.647	0.500	0.393	0.512	0.387	0.517	0.436	0.620	0.351	0	0.488	0.506	0.583	0.556	0.534	0.634	0.625	0.506	0.455	0.700	0.696	0.703	0.707	0.813	0.735	0.852	0.836	0.757	0.750	0.789	0.766	0.763	0.868	0.579	0.596	0.892	0.972	1.000
MD9	0.605	0.563	0.512	0.609	0.591	0.400	0.506	0.438	0.542	0.548	0.442	0.443	0.451	0.415	0.470	0.487	0.488	0	0.640	0.632	0.658	0.506	0.680	0.735	0.630	0.565	0.762	0.759	0.744	0.767	0.823	0.770	0.929	0.922	0.846	0.881	0.850	0.827	0.850	0.975	0.525	0.548	0.846	0.973	1.000
MD6	0.650	0.605	0.694	0.721	0.724	0.753	0.714	0.636	0.600	0.413	0.576	0.590	0.600	0.654	0.732	0.506	0.506	0.640	0	0.440	0.547	0.526	0.703	0.731	0.650	0.538	0.759	0.756	0.766	0.788	0.872	0.791	0.833	0.842	0.766	0.807	0.899	0.875	0.848	0.899	0.823	0.783	0.896	0.973	1.000
MD1	0.552	0.644	0.667	0.699	0.757	0.684	0.690	0.573	0.488	0.418	0.500	0.600	0.558	0.529	0.681	0.563	0.583	0.632	0.440	0	0.419	0.524	0.574	0.593	0.612	0.564	0.657	0.739	0.688	0.667	0.785	0.699	0.690	0.746	0.688	0.686	0.848	0.761	0.818	0.848	0.879	0.797	0.875	0.967	1.000
HD3	0.761	0.699	0.750	0.781	0.865	0.816	0.803	0.680	0.463	0.494	0.611	0.631	0.610	0.529	0.797	0.563	0.556	0.658	0.547	0.419	0	0.746	0.705	0.630	0.731	0.615	0.514	0.565	0.563	0.583	0.692	0.644	0.718	0.778	0.594	0.686	0.818	0.701	0.727	0.848	0.879	0.747	0.875	0.967	1.000
MD8	0.529	0.595	0.534	0.622	0.573	0.558	0.556	0.579	0.590	0.425	0.507	0.515	0.590	0.623	0.571	0.692	0.534	0.506	0.526	0.524	0.746	0	0.581	0.673	0.588	0.570	0.831	0.857	0.877	0.890	0.879	0.811	0.889	0.844	0.846	0.859	0.940	0.882	0.910	0.940	0.731	0.750	0.877	1.000	1.000
HD2	0.515	0.528	0.690	0.611	0.589	0.707	0.686	0.757	0.580	0.538	0.549	0.594	0.605	0.552	0.588	0.746	0.634	0.680	0.703	0.574	0.705	0.581	0	0.283	0.303	0.740	0.797	0.824	0.746	0.746	0.813	0.778	0.829	0.839	0.810	0.768	0.908	0.939	0.877	0.969	0.785	0.769	0.841	1.000	1.000
HD5	0.661	0.631	0.813	0.692	0.667	0.794	0.746	0.791	0.649	0.577	0.625	0.579	0.652	0.633	0.672	0.679	0.625	0.735	0.731	0.593	0.630	0.673	0.283	0	0.424	0.771	0.742	0.738	0.714	0.719	0.754	0.692	0.778	0.818	0.714	0.774	0.931	0.898	0.828	0.966	0.862	0.831	0.857	1.000	1.000
MD5	0.667	0.462	0.662	0.641	0.595	0.704	0.658	0.725	0.586	0.476	0.455	0.486	0.463	0.534	0.541	0.536	0.506	0.630	0.650	0.612	0.731	0.588	0.303	0.424	0	0.687	0.840	0.838	0.797	0.792	0.857	0.846	0.895	0.912	0.797	0.840	0.887	0.917	0.859	0.944	0.746	0.690	0.797	0.970	1.000
MD11	0.759	0.596	0.500	0.551	0.533	0.609	0.609	0.582	0.571	0.474	0.568	0.630	0.656	0.667	0.553	0.600	0.455	0.565	0.538	0.564	0.615	0.570	0.740	0.771	0.687	0	0.791	0.835	0.850	0.841	0.852	0.820	0.862	0.848	0.825	0.837	0.780	0.807	0.829	0.829	0.659	0.516	0.875	0.974	1.000
NC1	0.893	0.802	0.900	0.852	0.902	0.905	0.899	0.831	0.711	0.724	0.775	0.671	0.741	0.684	0.896	0.667	0.700	0.762	0.759	0.657	0.514	0.831	0.797	0.742	0.840	0.791	0	0.325	0.361	0.375	0.589	0.407	0.620	0.718	0.528	0.564	0.676	0.573	0.595	0.703	0.811	0.816	0.778	0.942	1.000
NC3	0.892	0.825	0.899	0.875	0.901	0.880	0.897	0.805	0.708	0.744	0.772	0.722	0.786	0.733	0.868	0.690	0.696	0.759	0.756	0.739	0.565	0.857	0.824	0.738	0.838	0.835	0.325	0	0.408	0.494	0.583	0.450	0.641	0.657	0.549	0.610	0.699	0.541	0.589	0.726	0.781	0.814	0.775	0.941	1.000
NC2	0.855	0.760	0.892	0.840	0.921	0.923	0.918	0.818	0.690	0.753	0.703	0.731	0.722	0.686	0.887	0.606	0.703	0.744	0.766	0.688	0.563	0.877	0.746	0.714	0.797	0.850	0.361	0.408	0	0.324	0.642	0.520	0.726	0.754	0.545	0.500	0.706	0.652	0.676	0.706	0.824	0.827	0.788	0.937	1.000
NC5	0.818	0.807	0.902	0.831	0.881	0.860	0.852	0.741	0.696	0.730	0.683	0.733	0.747	0.667	0.873	0.676	0.707	0.767	0.788	0.667	0.583	0.890	0.746	0.719	0.792	0.841	0.375	0.494	0.324	0	0.573	0.373	0.605	0.671	0.514	0.500	0.684	0.610	0.605	0.684	0.868	0.820	0.811	0.944	1.000
NC10	0.857	0.842	0.893	0.868	0.922	0.848	0.838	0.769	0.788	0.805	0.787	0.735	0.775	0.746	0.889	0.791	0.813	0.823	0.872	0.785	0.692	0.879	0.813	0.754	0.857	0.852	0.589	0.583	0.642	0.573	0	0.368	0.378	0.515	0.403	0.671	0.652	0.600	0.565	0.710	0.797	0.829	0.672	0.969	1.000
NC4	0.821	0.833	0.880	0.833	0.859	0.839	0.854	0.744	0.720	0.733	0.735	0.737	0.773	0.696	0.850	0.733	0.735	0.770	0.791	0.699	0.644	0.811	0.778	0.692	0.846	0.820	0.407	0.450	0.520	0.373	0.368	0	0.463	0.568	0.467	0.679	0.688	0.564	0.558	0.688	0.818	0.800	0.760	0.972	1.000
NC9	0.868	0.854	0.901	0.854	0.880	0.906	0.875	0.833	0.780	0.773	0.827	0.865	0.837	0.844	0.923	0.863	0.852	0.929	0.833	0.690	0.718	0.889	0.829	0.778	0.895	0.862	0.620	0.641	0.726	0.605	0.378	0.463	0	0.444	0.425	0.570	0.680	0.553	0.600	0.573	0.920	0.909	0.644	0.971	1.000
NC6	0.824	0.892	0.836	0.838	0.840	0.870	0.833	0.868	0.783	0.775	0.890	0.909	0.897	0.855	0.914	0.877	0.836	0.922	0.842	0.746	0.778	0.844	0.839	0.818	0.912	0.848	0.718	0.657	0.754	0.671	0.515	0.568	0.444	0	0.385	0.493	0.672	0.588	0.522	0.612	1.000	0.925	0.754	1.000	1.000
NC7	0.884	0.813	0.865	0.867	0.895	0.923	0.863	0.818	0.690	0.704	0.784	0.761	0.772	0.743	0.859	0.697	0.757	0.846	0.766	0.688	0.594	0.846	0.810	0.714	0.797	0.825	0.528	0.549	0.545	0.514	0.403	0.467	0.425	0.385	0	0.472	0.588	0.565	0.500	0.559	0.912	0.852	0.697	0.937	1.000
NC8	0.840	0.852	0.900	0.877	0.927	0.929	0.924	0.928	0.756	0.747	0.825	0.918	0.859	0.816	0.896	0.750	0.750	0.881	0.807	0.686	0.686	0.859	0.768	0.774	0.840	0.837	0.564	0.610	0.500	0.500	0.671	0.679	0.570	0.493	0.472	0	0.676	0.600	0.622	0.568	0.973	0.954	0.778	0.971	1.000
NC11	0.944	0.818	0.789	0.792	0.846	0.850	0.813	0.823	0.837	0.831	0.816	0.826	0.802	0.778	0.890	0.735	0.789	0.850	0.899	0.848	0.818	0.940	0.908	0.931	0.887	0.780	0.676	0.699	0.706	0.684	0.652	0.688	0.680	0.672	0.588	0.676	0	0.408	0.457	0.371	0.771	0.735	0.529	0.938	1.000
NC12	0.917	0.897	0.844	0.821	0.848	0.852	0.842	0.800	0.793	0.833	0.870	0.857	0.878	0.753	0.946	0.739	0.766	0.827	0.875	0.761	0.701	0.882	0.939	0.898	0.917	0.807	0.573	0.541	0.652	0.610	0.600	0.564	0.553	0.588	0.565	0.600	0.408	0	0.296	0.352	0.831	0.857	0.594	0.939	1.000
NC15	0.915	0.870	0.868	0.870	0.897	0.850	0.840	0.873	0.791	0.807	0.816	0.797	0.827	0.750	0.890	0.735	0.763	0.850	0.848	0.818	0.727	0.910	0.877	0.828	0.859	0.829	0.595	0.589	0.676	0.605	0.565	0.558	0.600	0.522	0.500	0.622	0.457	0.296	0	0.486	0.857	0.831	0.588	0.969	1.000
NC13	1.000	0.870	0.789	0.792	0.821	0.875	0.867	0.873	0.907	0.855	0.868	0.971	0.926	0.889	0.918	0.882	0.868	0.975	0.899	0.848	0.848	0.940	0.969	0.966	0.944	0.829	0.703	0.726	0.706	0.684	0.710	0.688	0.573	0.612	0.559	0.568	0.371	0.352	0.486	0	0.857	0.855	0.529	0.938	1.000
MD12	0.803	0.714	0.605	0.584	0.641	0.600	0.627	0.747	0.767	0.759	0.658	0.536	0.679	0.639	0.726	0.618	0.579	0.525	0.823	0.879	0.879	0.731	0.785	0.862	0.746	0.659	0.811	0.781	0.824	0.868	0.797	0.818	0.920	1.000	0.912	0.973	0.771	0.831	0.857	0.857	0	0.422	0.765	0.938	0.960
MD14	0.810	0.644	0.528	0.644	0.626	0.570	0.591	0.630	0.677	0.667	0.596	0.610	0.617	0.576	0.605	0.654	0.596	0.548	0.783	0.797	0.747	0.750	0.769	0.831	0.690	0.516	0.816	0.814	0.827	0.820	0.829	0.800	0.909	0.925	0.852	0.954	0.735	0.857	0.831	0.855	0.422	0	0.753	0.949	0.968
NC14	0.913	0.813	0.838	0.893	0.842	0.846	0.836	0.844	0.881	0.827	0.838	0.881	0.823	0.857	0.887	0.788	0.892	0.846	0.896	0.875	0.875	0.877	0.841	0.857	0.797	0.875	0.778	0.775	0.788	0.811	0.672	0.760	0.644	0.754	0.697	0.778	0.529	0.594	0.588	0.529	0.765	0.753	0	0.968	1.000
MD13	1.000	0.972	0.972	0.944	0.945	1.000	0.971	0.973	0.975	0.974	0.972	0.969	0.974	0.970	0.971	0.968	0.972	0.973	0.973	0.967	0.967	1.000	1.000	1.000	0.970	0.974	0.942	0.941	0.937	0.944	0.969	0.972	0.971	1.000	0.937	0.971	0.938	0.939	0.969	0.938	0.938	0.949	0.968	0	0.422
MD15	1.000	1.000	1.000	0.965	0.966	1.000	1.000	1.000	1.000	1.000	1.000	1.000	1.000	1.000	1.000	1.000	1.000	1.000	1.000	1.000	1.000	1.000	1.000	1.000	1.000	1.000	1.000	1.000	1.000	1.000	1.000	1.000	1.000	1.000	1.000	1.000	1.000	1.000	1.000	1.000	0.960	0.968	1.000	0.422	0
