unifrac_binary	HD1	HD10	HD11	HD12	HD13	HD14	HD15	HD2	HD3	HD4	HD5	HD6	HD7	HD8	HD9	MD1	MD10	MD11	MD12	MD13	MD14	MD15	MD2	MD3	MD4	MD5	MD6	MD7	MD8	MD9	NC1	NC10	NC11	NC12	NC13	NC14	NC15	NC2	NC3	NC4	NC5	NC6	NC7	NC8	NC9
HD1	0	0.451	0.417	0.383	0.418	0.439	0.362	0.293	0.553	0.369	0.503	0.497	0.283	0.347	0.421	0.346	0.493	0.475	0.358	0.925	0.381	0.979	0.388	0.383	0.389	0.370	0.469	0.499	0.268	0.346	0.564	0.337	0.553	0.508	0.507	0.456	0.581	0.526	0.529	0.356	0.486	0.422	0.497	0.648	0.443
HD10	0.451	0	0.383	0.410	0.443	0.334	0.448	0.402	0.543	0.352	0.539	0.380	0.314	0.342	0.294	0.433	0.391	0.333	0.495	0.904	0.411	0.954	0.408	0.396	0.314	0.325	0.459	0.390	0.468	0.398	0.532	0.542	0.608	0.582	0.561	0.454	0.592	0.485	0.495	0.519	0.475	0.633	0.557	0.665	0.444
HD11	0.417	0.383	0	0.197	0.196	0.292	0.266	0.480	0.645	0.422	0.597	0.555	0.374	0.360	0.359	0.553	0.541	0.338	0.252	0.924	0.264	1.000	0.443	0.386	0.397	0.428	0.591	0.447	0.321	0.282	0.544	0.348	0.383	0.413	0.405	0.385	0.457	0.587	0.541	0.347	0.515	0.534	0.575	0.692	0.474
HD12	0.383	0.410	0.197	0	0.294	0.186	0.248	0.396	0.619	0.399	0.466	0.493	0.341	0.334	0.351	0.538	0.466	0.313	0.308	0.860	0.269	0.936	0.389	0.428	0.342	0.384	0.511	0.387	0.332	0.322	0.562	0.408	0.457	0.431	0.413	0.432	0.477	0.587	0.539	0.346	0.470	0.514	0.558	0.671	0.450
HD13	0.418	0.443	0.196	0.294	0	0.309	0.191	0.460	0.685	0.493	0.569	0.581	0.355	0.289	0.390	0.598	0.578	0.457	0.228	0.952	0.275	0.983	0.451	0.436	0.429	0.445	0.648	0.533	0.345	0.255	0.590	0.388	0.503	0.510	0.504	0.422	0.508	0.665	0.626	0.375	0.564	0.541	0.647	0.765	0.517
HD14	0.439	0.334	0.292	0.186	0.309	0	0.243	0.388	0.662	0.418	0.490	0.515	0.377	0.284	0.289	0.588	0.497	0.334	0.390	0.883	0.327	0.937	0.432	0.531	0.375	0.388	0.556	0.419	0.420	0.339	0.631	0.504	0.553	0.549	0.482	0.431	0.540	0.643	0.586	0.440	0.540	0.527	0.583	0.742	0.403
HD15	0.362	0.448	0.266	0.248	0.191	0.243	0	0.428	0.664	0.487	0.496	0.538	0.321	0.249	0.374	0.548	0.549	0.434	0.317	0.925	0.282	0.981	0.397	0.447	0.418	0.399	0.590	0.452	0.328	0.306	0.604	0.365	0.506	0.508	0.468	0.393	0.486	0.659	0.599	0.376	0.551	0.443	0.550	0.755	0.437
HD2	0.293	0.402	0.480	0.396	0.460	0.388	0.428	0	0.492	0.309	0.311	0.440	0.275	0.380	0.371	0.373	0.414	0.419	0.409	0.882	0.370	0.943	0.387	0.381	0.351	0.240	0.513	0.485	0.350	0.353	0.488	0.361	0.624	0.522	0.599	0.447	0.557	0.408	0.501	0.382	0.421	0.486	0.492	0.569	0.416
HD3	0.553	0.543	0.645	0.619	0.685	0.662	0.664	0.492	0	0.306	0.505	0.340	0.474	0.614	0.609	0.303	0.371	0.500	0.665	0.936	0.584	1.000	0.481	0.441	0.436	0.432	0.479	0.382	0.536	0.551	0.318	0.514	0.584	0.553	0.612	0.635	0.508	0.401	0.399	0.477	0.429	0.547	0.460	0.523	0.566
HD4	0.369	0.352	0.422	0.399	0.493	0.418	0.487	0.309	0.306	0	0.406	0.243	0.302	0.426	0.382	0.309	0.347	0.299	0.475	0.917	0.377	0.981	0.358	0.365	0.276	0.247	0.440	0.365	0.365	0.344	0.401	0.391	0.547	0.474	0.526	0.471	0.482	0.381	0.403	0.353	0.380	0.480	0.409	0.529	0.416
HD5	0.503	0.539	0.597	0.466	0.569	0.490	0.496	0.311	0.505	0.406	0	0.370	0.447	0.540	0.482	0.457	0.420	0.518	0.571	0.873	0.524	0.926	0.418	0.545	0.459	0.338	0.421	0.438	0.485	0.499	0.511	0.477	0.743	0.643	0.694	0.626	0.604	0.497	0.440	0.499	0.498	0.572	0.451	0.582	0.496
HD6	0.497	0.380	0.555	0.493	0.581	0.515	0.538	0.440	0.340	0.243	0.370	0	0.341	0.495	0.479	0.300	0.279	0.398	0.559	0.869	0.495	0.924	0.385	0.404	0.358	0.339	0.271	0.247	0.424	0.475	0.439	0.493	0.625	0.606	0.594	0.611	0.556	0.434	0.392	0.477	0.429	0.515	0.385	0.519	0.457
HD7	0.283	0.314	0.374	0.341	0.355	0.377	0.321	0.275	0.474	0.302	0.447	0.341	0	0.232	0.295	0.349	0.408	0.387	0.326	0.874	0.296	0.958	0.332	0.329	0.290	0.256	0.473	0.377	0.299	0.274	0.466	0.308	0.544	0.492	0.506	0.415	0.515	0.435	0.483	0.310	0.410	0.485	0.440	0.571	0.376
HD8	0.347	0.342	0.360	0.334	0.289	0.284	0.249	0.380	0.614	0.426	0.540	0.495	0.232	0	0.339	0.492	0.479	0.435	0.332	0.899	0.275	0.961	0.373	0.408	0.344	0.375	0.554	0.473	0.357	0.271	0.570	0.383	0.522	0.517	0.512	0.401	0.537	0.599	0.587	0.384	0.517	0.548	0.567	0.745	0.407
HD9	0.421	0.294	0.359	0.351	0.390	0.289	0.374	0.371	0.609	0.382	0.482	0.479	0.295	0.339	0	0.509	0.465	0.297	0.406	0.894	0.327	0.980	0.406	0.471	0.378	0.344	0.536	0.433	0.446	0.328	0.532	0.481	0.597	0.568	0.543	0.495	0.565	0.488	0.477	0.459	0.454	0.588	0.505	0.657	0.454
MD1	0.346	0.433	0.553	0.538	0.598	0.588	0.548	0.373	0.303	0.309	0.457	0.300	0.349	0.492	0.509	0	0.267	0.432	0.538	0.905	0.505	0.969	0.324	0.319	0.341	0.346	0.316	0.324	0.348	0.473	0.391	0.364	0.520	0.508	0.507	0.584	0.497	0.350	0.385	0.380	0.350	0.366	0.296	0.491	0.426
MD10	0.493	0.391	0.541	0.466	0.578	0.497	0.549	0.414	0.371	0.347	0.420	0.279	0.408	0.479	0.465	0.267	0	0.366	0.505	0.881	0.471	0.944	0.294	0.345	0.329	0.326	0.272	0.227	0.416	0.423	0.366	0.482	0.519	0.540	0.548	0.534	0.465	0.319	0.396	0.468	0.364	0.515	0.385	0.535	0.469
MD11	0.475	0.333	0.338	0.313	0.457	0.334	0.434	0.419	0.500	0.299	0.518	0.398	0.387	0.435	0.297	0.432	0.366	0	0.405	0.869	0.336	0.961	0.398	0.491	0.405	0.365	0.425	0.315	0.390	0.408	0.422	0.434	0.464	0.398	0.390	0.461	0.477	0.409	0.397	0.372	0.344	0.484	0.411	0.523	0.393
MD12	0.358	0.495	0.252	0.308	0.228	0.390	0.317	0.409	0.665	0.475	0.571	0.559	0.326	0.332	0.406	0.538	0.505	0.405	0	0.861	0.236	0.944	0.372	0.418	0.461	0.439	0.591	0.502	0.254	0.274	0.556	0.284	0.433	0.446	0.486	0.413	0.534	0.592	0.538	0.312	0.529	0.547	0.547	0.729	0.450
MD13	0.925	0.904	0.924	0.860	0.952	0.883	0.925	0.882	0.936	0.917	0.873	0.869	0.874	0.899	0.894	0.905	0.881	0.869	0.861	0	0.886	0.214	0.880	0.904	0.905	0.910	0.872	0.847	0.886	0.921	0.911	0.910	0.908	0.909	0.908	0.939	0.937	0.903	0.910	0.898	0.913	0.970	0.907	0.907	0.916
MD14	0.381	0.411	0.264	0.269	0.275	0.327	0.282	0.370	0.584	0.377	0.524	0.495	0.296	0.275	0.327	0.505	0.471	0.336	0.236	0.886	0	0.979	0.360	0.324	0.324	0.354	0.544	0.458	0.275	0.218	0.486	0.322	0.448	0.434	0.495	0.405	0.476	0.529	0.509	0.305	0.502	0.560	0.533	0.698	0.436
MD15	0.979	0.954	1.000	0.936	0.983	0.937	0.981	0.943	1.000	0.981	0.926	0.924	0.958	0.961	0.980	0.969	0.944	0.961	0.944	0.214	0.979	0	0.944	0.948	0.958	0.973	0.936	0.931	0.947	0.983	1.000	1.000	1.000	1.000	1.000	1.000	1.000	1.000	1.000	0.982	1.000	1.000	1.000	1.000	1.000
MD2	0.388	0.408	0.443	0.389	0.451	0.432	0.397	0.387	0.481	0.358	0.418	0.385	0.332	0.373	0.406	0.324	0.294	0.398	0.372	0.880	0.360	0.944	0	0.311	0.229	0.311	0.388	0.336	0.281	0.310	0.428	0.354	0.562	0.533	0.543	0.525	0.502	0.473	0.433	0.410	0.436	0.490	0.429	0.681	0.481
MD3	0.383	0.396	0.386	0.428	0.436	0.531	0.447	0.381	0.441	0.365	0.545	0.404	0.329	0.408	0.471	0.319	0.345	0.491	0.418	0.904	0.324	0.948	0.311	0	0.263	0.358	0.449	0.380	0.293	0.272	0.441	0.352	0.460	0.498	0.553	0.471	0.440	0.474	0.558	0.369	0.482	0.537	0.494	0.626	0.541
MD4	0.389	0.314	0.397	0.342	0.429	0.375	0.418	0.351	0.436	0.276	0.459	0.358	0.290	0.344	0.378	0.341	0.329	0.405	0.461	0.905	0.324	0.958	0.229	0.263	0	0.264	0.436	0.385	0.371	0.260	0.422	0.409	0.548	0.539	0.538	0.484	0.495	0.427	0.460	0.410	0.400	0.521	0.493	0.615	0.495
MD5	0.370	0.325	0.428	0.384	0.445	0.388	0.399	0.240	0.432	0.247	0.338	0.339	0.256	0.375	0.344	0.346	0.326	0.365	0.439	0.910	0.354	0.973	0.311	0.358	0.264	0	0.437	0.362	0.405	0.339	0.481	0.406	0.630	0.552	0.580	0.492	0.519	0.410	0.415	0.403	0.378	0.513	0.418	0.558	0.412
MD6	0.469	0.459	0.591	0.511	0.648	0.556	0.590	0.513	0.479	0.440	0.421	0.271	0.473	0.554	0.536	0.316	0.272	0.425	0.591	0.872	0.544	0.936	0.388	0.449	0.436	0.437	0	0.268	0.437	0.497	0.489	0.546	0.637	0.654	0.606	0.682	0.594	0.495	0.422	0.530	0.480	0.535	0.426	0.553	0.524
MD7	0.499	0.390	0.447	0.387	0.533	0.419	0.452	0.485	0.382	0.365	0.438	0.247	0.377	0.473	0.433	0.324	0.227	0.315	0.502	0.847	0.458	0.931	0.336	0.380	0.385	0.362	0.268	0	0.404	0.464	0.400	0.489	0.536	0.545	0.509	0.571	0.487	0.433	0.378	0.459	0.388	0.515	0.421	0.584	0.464
MD8	0.268	0.468	0.321	0.332	0.345	0.420	0.328	0.350	0.536	0.365	0.485	0.424	0.299	0.357	0.446	0.348	0.416	0.390	0.254	0.886	0.275	0.947	0.281	0.293	0.371	0.405	0.437	0.404	0	0.266	0.482	0.235	0.440	0.420	0.481	0.397	0.482	0.504	0.474	0.238	0.491	0.435	0.442	0.658	0.435
MD9	0.346	0.398	0.282	0.322	0.255	0.339	0.306	0.353	0.551	0.344	0.499	0.475	0.274	0.271	0.328	0.473	0.423	0.408	0.274	0.921	0.218	0.983	0.310	0.272	0.260	0.339	0.497	0.464	0.266	0	0.494	0.314	0.498	0.479	0.558	0.424	0.460	0.523	0.518	0.306	0.475	0.573	0.548	0.693	0.495
NC1	0.564	0.532	0.544	0.562	0.590	0.631	0.604	0.488	0.318	0.401	0.511	0.439	0.466	0.570	0.532	0.391	0.366	0.422	0.556	0.911	0.486	1.000	0.428	0.441	0.422	0.481	0.489	0.400	0.482	0.494	0	0.414	0.429	0.370	0.455	0.492	0.361	0.308	0.257	0.359	0.316	0.486	0.406	0.444	0.434
NC10	0.337	0.542	0.348	0.408	0.388	0.504	0.365	0.361	0.514	0.391	0.477	0.493	0.308	0.383	0.481	0.364	0.482	0.434	0.284	0.910	0.322	1.000	0.354	0.352	0.409	0.406	0.546	0.489	0.235	0.314	0.414	0	0.342	0.330	0.394	0.366	0.386	0.446	0.398	0.156	0.395	0.319	0.321	0.552	0.305
NC11	0.553	0.608	0.383	0.457	0.503	0.553	0.506	0.624	0.584	0.547	0.743	0.625	0.544	0.522	0.597	0.520	0.519	0.464	0.433	0.908	0.448	1.000	0.562	0.460	0.548	0.630	0.637	0.536	0.440	0.498	0.429	0.342	0	0.205	0.185	0.264	0.272	0.514	0.530	0.357	0.486	0.453	0.402	0.539	0.451
NC12	0.508	0.582	0.413	0.431	0.510	0.549	0.508	0.522	0.553	0.474	0.643	0.606	0.492	0.517	0.568	0.508	0.540	0.398	0.446	0.909	0.434	1.000	0.533	0.498	0.539	0.552	0.654	0.545	0.420	0.479	0.370	0.330	0.205	0	0.193	0.271	0.227	0.451	0.401	0.277	0.398	0.414	0.401	0.486	0.356
NC13	0.507	0.561	0.405	0.413	0.504	0.482	0.468	0.599	0.612	0.526	0.694	0.594	0.506	0.512	0.543	0.507	0.548	0.390	0.486	0.908	0.495	1.000	0.543	0.553	0.538	0.580	0.606	0.509	0.481	0.558	0.455	0.394	0.185	0.193	0	0.276	0.273	0.506	0.437	0.340	0.453	0.330	0.336	0.484	0.371
NC14	0.456	0.454	0.385	0.432	0.422	0.431	0.393	0.447	0.635	0.471	0.626	0.611	0.415	0.401	0.495	0.584	0.534	0.461	0.413	0.939	0.405	1.000	0.525	0.471	0.484	0.492	0.682	0.571	0.397	0.424	0.492	0.366	0.264	0.271	0.276	0	0.312	0.535	0.517	0.376	0.543	0.466	0.467	0.650	0.387
NC15	0.581	0.592	0.457	0.477	0.508	0.540	0.486	0.557	0.508	0.482	0.604	0.556	0.515	0.537	0.565	0.497	0.465	0.477	0.534	0.937	0.476	1.000	0.502	0.440	0.495	0.519	0.594	0.487	0.482	0.460	0.361	0.386	0.272	0.227	0.273	0.312	0	0.512	0.446	0.332	0.450	0.417	0.425	0.491	0.425
NC2	0.526	0.485	0.587	0.587	0.665	0.643	0.659	0.408	0.401	0.381	0.497	0.434	0.435	0.599	0.488	0.350	0.319	0.409	0.592	0.903	0.529	1.000	0.473	0.474	0.427	0.410	0.495	0.433	0.504	0.523	0.308	0.446	0.514	0.451	0.506	0.535	0.512	0	0.314	0.453	0.259	0.508	0.378	0.400	0.511
NC3	0.529	0.495	0.541	0.539	0.626	0.586	0.599	0.501	0.399	0.403	0.440	0.392	0.483	0.587	0.477	0.385	0.396	0.397	0.538	0.910	0.509	1.000	0.433	0.558	0.460	0.415	0.422	0.378	0.474	0.518	0.257	0.398	0.530	0.401	0.437	0.517	0.446	0.314	0	0.358	0.347	0.448	0.315	0.473	0.363
NC4	0.356	0.519	0.347	0.346	0.375	0.440	0.376	0.382	0.477	0.353	0.499	0.477	0.310	0.384	0.459	0.380	0.468	0.372	0.312	0.898	0.305	0.982	0.410	0.369	0.410	0.403	0.530	0.459	0.238	0.306	0.359	0.156	0.357	0.277	0.340	0.376	0.332	0.453	0.358	0	0.328	0.341	0.335	0.500	0.266
NC5	0.486	0.475	0.515	0.470	0.564	0.540	0.551	0.421	0.429	0.380	0.498	0.429	0.410	0.517	0.454	0.350	0.364	0.344	0.529	0.913	0.502	1.000	0.436	0.482	0.400	0.378	0.480	0.388	0.491	0.475	0.316	0.395	0.486	0.398	0.453	0.543	0.450	0.259	0.347	0.328	0	0.389	0.324	0.340	0.353
NC6	0.422	0.633	0.534	0.514	0.541	0.527	0.443	0.486	0.547	0.480	0.572	0.515	0.485	0.548	0.588	0.366	0.515	0.484	0.547	0.970	0.560	1.000	0.490	0.537	0.521	0.513	0.535	0.515	0.435	0.573	0.486	0.319	0.453	0.414	0.330	0.466	0.417	0.508	0.448	0.341	0.389	0	0.253	0.454	0.308
NC7	0.497	0.557	0.575	0.558	0.647	0.583	0.550	0.492	0.460	0.409	0.451	0.385	0.440	0.567	0.505	0.296	0.385	0.411	0.547	0.907	0.533	1.000	0.429	0.494	0.493	0.418	0.426	0.421	0.442	0.548	0.406	0.321	0.402	0.401	0.336	0.467	0.425	0.378	0.315	0.335	0.324	0.253	0	0.365	0.288
NC8	0.648	0.665	0.692	0.671	0.765	0.742	0.755	0.569	0.523	0.529	0.582	0.519	0.571	0.745	0.657	0.491	0.535	0.523	0.729	0.907	0.698	1.000	0.681	0.626	0.615	0.558	0.553	0.584	0.658	0.693	0.444	0.552	0.539	0.486	0.484	0.650	0.491	0.400	0.473	0.500	0.340	0.454	0.365	0	0.457
NC9	0.443	0.444	0.474	0.450	0.517	0.403	0.437	0.416	0.566	0.416	0.496	0.457	0.376	0.407	0.454	0.426	0.469	0.393	0.450	0.916	0.436	1.000	0.481	0.541	0.495	0.412	0.524	0.464	0.435	0.495	0.434	0.305	0.451	0.356	0.371	0.387	0.425	0.511	0.363	0.266	0.353	0.308	0.288	0.457	0
