unifrac	HD1	HD10	HD11	HD12	HD13	HD14	HD15	HD2	HD3	HD4	HD5	HD6	HD7	HD8	HD9	MD1	MD10	MD11	MD12	MD13	MD14	MD15	MD2	MD3	MD4	MD5	MD6	MD7	MD8	MD9	NC1	NC10	NC11	NC12	NC13	NC14	NC15	NC2	NC3	NC4	NC5	NC6	NC7	NC8	NC9
HD1	0	0.601	0.590	0.559	0.575	0.574	0.553	0.460	0.664	0.481	0.462	0.485	0.507	0.539	0.569	0.516	0.567	0.606	0.589	0.806	0.575	0.756	0.561	0.578	0.503	0.545	0.632	0.571	0.464	0.548	0.669	0.530	0.700	0.626	0.666	0.637	0.734	0.635	0.597	0.526	0.524	0.611	0.649	0.735	0.612
HD10	0.601	0	0.501	0.515	0.499	0.353	0.526	0.380	0.628	0.450	0.383	0.373	0.325	0.396	0.314	0.590	0.492	0.415	0.552	0.915	0.530	0.975	0.564	0.559	0.392	0.307	0.566	0.490	0.610	0.476	0.622	0.634	0.731	0.607	0.711	0.497	0.732	0.549	0.602	0.524	0.496	0.723	0.695	0.771	0.497
HD11	0.590	0.501	0	0.233	0.178	0.376	0.298	0.513	0.766	0.449	0.571	0.544	0.483	0.333	0.477	0.656	0.477	0.368	0.182	0.964	0.250	1.000	0.323	0.389	0.491	0.471	0.712	0.450	0.242	0.256	0.563	0.403	0.574	0.466	0.454	0.503	0.483	0.666	0.571	0.376	0.521	0.669	0.688	0.770	0.564
HD12	0.559	0.515	0.233	0	0.293	0.272	0.287	0.487	0.725	0.405	0.532	0.467	0.473	0.328	0.468	0.606	0.405	0.336	0.320	0.906	0.278	0.943	0.379	0.433	0.442	0.458	0.585	0.341	0.367	0.336	0.560	0.399	0.558	0.439	0.419	0.512	0.469	0.662	0.549	0.347	0.484	0.649	0.658	0.733	0.548
HD13	0.575	0.499	0.178	0.293	0	0.347	0.219	0.479	0.794	0.498	0.486	0.546	0.441	0.253	0.434	0.684	0.506	0.432	0.202	0.957	0.264	0.968	0.308	0.400	0.498	0.465	0.746	0.513	0.287	0.212	0.587	0.413	0.646	0.516	0.517	0.502	0.501	0.707	0.622	0.347	0.542	0.665	0.725	0.793	0.555
HD14	0.574	0.353	0.376	0.272	0.347	0	0.295	0.356	0.754	0.473	0.389	0.489	0.348	0.285	0.319	0.655	0.543	0.363	0.423	0.923	0.427	0.946	0.535	0.598	0.452	0.333	0.637	0.475	0.511	0.393	0.649	0.540	0.622	0.509	0.572	0.402	0.623	0.691	0.596	0.405	0.520	0.649	0.685	0.789	0.460
HD15	0.553	0.526	0.298	0.287	0.219	0.295	0	0.472	0.781	0.483	0.497	0.513	0.419	0.246	0.456	0.653	0.488	0.423	0.328	0.952	0.345	0.976	0.409	0.481	0.483	0.451	0.707	0.462	0.388	0.327	0.599	0.400	0.628	0.515	0.506	0.499	0.540	0.706	0.606	0.345	0.535	0.605	0.669	0.797	0.511
HD2	0.460	0.380	0.513	0.487	0.479	0.356	0.472	0	0.628	0.421	0.221	0.473	0.259	0.355	0.360	0.567	0.572	0.485	0.466	0.953	0.499	0.975	0.542	0.542	0.473	0.226	0.662	0.587	0.521	0.453	0.587	0.490	0.715	0.549	0.709	0.467	0.686	0.554	0.596	0.410	0.447	0.647	0.668	0.706	0.465
HD3	0.664	0.628	0.766	0.725	0.794	0.754	0.781	0.628	0	0.404	0.609	0.431	0.656	0.747	0.744	0.333	0.534	0.616	0.784	0.977	0.708	1.000	0.635	0.592	0.481	0.614	0.565	0.532	0.714	0.688	0.418	0.704	0.727	0.702	0.745	0.757	0.684	0.549	0.451	0.608	0.552	0.727	0.664	0.703	0.683
HD4	0.481	0.450	0.449	0.405	0.498	0.473	0.483	0.421	0.404	0	0.485	0.240	0.410	0.435	0.515	0.445	0.341	0.348	0.496	0.962	0.409	0.985	0.379	0.382	0.263	0.373	0.484	0.329	0.411	0.402	0.394	0.424	0.587	0.492	0.583	0.536	0.543	0.469	0.388	0.402	0.391	0.588	0.529	0.640	0.496
HD5	0.462	0.383	0.571	0.532	0.486	0.389	0.497	0.221	0.609	0.485	0	0.489	0.360	0.422	0.318	0.567	0.611	0.518	0.523	0.878	0.559	0.900	0.562	0.622	0.526	0.273	0.673	0.597	0.589	0.498	0.600	0.558	0.772	0.613	0.755	0.535	0.685	0.567	0.569	0.423	0.497	0.659	0.644	0.716	0.445
HD6	0.485	0.373	0.544	0.467	0.546	0.489	0.513	0.473	0.431	0.240	0.489	0	0.366	0.500	0.519	0.419	0.343	0.417	0.560	0.893	0.487	0.942	0.478	0.455	0.309	0.399	0.416	0.276	0.465	0.476	0.462	0.533	0.631	0.539	0.625	0.585	0.605	0.487	0.424	0.476	0.420	0.595	0.539	0.661	0.520
HD7	0.507	0.325	0.483	0.473	0.441	0.348	0.419	0.259	0.656	0.410	0.360	0.366	0	0.294	0.282	0.516	0.493	0.430	0.435	0.919	0.443	0.963	0.487	0.480	0.383	0.206	0.600	0.447	0.485	0.390	0.579	0.470	0.676	0.534	0.655	0.460	0.672	0.562	0.542	0.365	0.434	0.621	0.591	0.701	0.434
HD8	0.539	0.396	0.333	0.328	0.253	0.285	0.246	0.355	0.747	0.435	0.422	0.500	0.294	0	0.358	0.593	0.423	0.401	0.306	0.950	0.330	0.973	0.351	0.432	0.417	0.322	0.666	0.453	0.369	0.269	0.571	0.349	0.598	0.481	0.518	0.435	0.540	0.659	0.575	0.294	0.484	0.626	0.642	0.758	0.427
HD9	0.569	0.314	0.477	0.468	0.434	0.319	0.456	0.360	0.744	0.515	0.318	0.519	0.282	0.358	0	0.651	0.620	0.412	0.489	0.910	0.465	0.948	0.555	0.607	0.494	0.278	0.669	0.575	0.584	0.435	0.660	0.581	0.726	0.602	0.705	0.525	0.707	0.595	0.622	0.483	0.514	0.686	0.650	0.749	0.481
MD1	0.516	0.590	0.656	0.606	0.684	0.655	0.653	0.567	0.333	0.445	0.567	0.419	0.516	0.593	0.651	0	0.516	0.552	0.668	0.963	0.599	0.987	0.503	0.501	0.416	0.533	0.498	0.498	0.523	0.604	0.517	0.551	0.677	0.599	0.649	0.679	0.680	0.536	0.465	0.480	0.495	0.560	0.540	0.643	0.528
MD10	0.567	0.492	0.477	0.405	0.506	0.543	0.488	0.572	0.534	0.341	0.611	0.343	0.493	0.423	0.620	0.516	0	0.403	0.458	0.920	0.399	0.948	0.292	0.347	0.390	0.477	0.376	0.226	0.398	0.382	0.344	0.410	0.571	0.532	0.475	0.603	0.481	0.520	0.354	0.394	0.412	0.615	0.565	0.679	0.588
MD11	0.606	0.415	0.368	0.336	0.432	0.363	0.423	0.485	0.616	0.348	0.518	0.417	0.430	0.401	0.412	0.552	0.403	0	0.414	0.927	0.345	0.971	0.451	0.535	0.422	0.403	0.540	0.340	0.465	0.391	0.435	0.464	0.507	0.371	0.474	0.460	0.544	0.487	0.438	0.353	0.335	0.634	0.579	0.617	0.471
MD12	0.589	0.552	0.182	0.320	0.202	0.423	0.328	0.466	0.784	0.496	0.523	0.560	0.435	0.306	0.489	0.668	0.458	0.414	0	0.934	0.259	0.970	0.283	0.406	0.541	0.459	0.730	0.496	0.246	0.236	0.567	0.372	0.620	0.478	0.518	0.500	0.525	0.676	0.574	0.311	0.524	0.688	0.689	0.788	0.532
MD13	0.806	0.915	0.964	0.906	0.957	0.923	0.952	0.953	0.977	0.962	0.878	0.893	0.919	0.950	0.910	0.963	0.920	0.927	0.934	0	0.941	0.247	0.945	0.927	0.930	0.961	0.909	0.870	0.942	0.966	0.953	0.962	0.954	0.960	0.954	0.977	0.977	0.953	0.961	0.947	0.953	0.989	0.953	0.954	0.963
MD14	0.575	0.530	0.250	0.278	0.264	0.427	0.345	0.499	0.708	0.409	0.559	0.487	0.443	0.330	0.465	0.599	0.399	0.345	0.259	0.941	0	0.985	0.271	0.329	0.405	0.463	0.648	0.442	0.300	0.191	0.473	0.379	0.597	0.489	0.502	0.550	0.484	0.573	0.520	0.337	0.448	0.687	0.637	0.739	0.564
MD15	0.756	0.975	1.000	0.943	0.968	0.946	0.976	0.975	1.000	0.985	0.900	0.942	0.963	0.973	0.948	0.987	0.948	0.971	0.970	0.247	0.985	0	0.968	0.975	0.975	0.984	0.932	0.914	0.964	0.989	1.000	1.000	1.000	1.000	1.000	1.000	1.000	1.000	1.000	0.987	1.000	1.000	1.000	1.000	1.000
MD2	0.561	0.564	0.323	0.379	0.308	0.535	0.409	0.542	0.635	0.379	0.562	0.478	0.487	0.351	0.555	0.503	0.292	0.451	0.283	0.945	0.271	0.968	0	0.226	0.329	0.449	0.539	0.370	0.223	0.233	0.453	0.370	0.630	0.558	0.519	0.622	0.457	0.621	0.474	0.390	0.499	0.635	0.601	0.749	0.592
MD3	0.578	0.559	0.389	0.433	0.400	0.598	0.481	0.542	0.592	0.382	0.622	0.455	0.480	0.432	0.607	0.501	0.347	0.535	0.406	0.927	0.329	0.975	0.226	0	0.335	0.506	0.562	0.410	0.313	0.311	0.455	0.445	0.624	0.611	0.539	0.634	0.452	0.647	0.556	0.430	0.567	0.657	0.624	0.714	0.648
MD4	0.503	0.392	0.491	0.442	0.498	0.452	0.483	0.473	0.481	0.263	0.526	0.309	0.383	0.417	0.494	0.416	0.390	0.422	0.541	0.930	0.405	0.975	0.329	0.335	0	0.366	0.502	0.385	0.457	0.370	0.472	0.497	0.641	0.588	0.641	0.561	0.622	0.521	0.466	0.482	0.421	0.635	0.589	0.700	0.565
MD5	0.545	0.307	0.471	0.458	0.465	0.333	0.451	0.226	0.614	0.373	0.273	0.399	0.206	0.322	0.278	0.533	0.477	0.403	0.459	0.961	0.463	0.984	0.449	0.506	0.366	0	0.573	0.468	0.531	0.408	0.572	0.492	0.702	0.541	0.681	0.476	0.648	0.550	0.502	0.393	0.405	0.619	0.573	0.666	0.412
MD6	0.632	0.566	0.712	0.585	0.746	0.637	0.707	0.662	0.565	0.484	0.673	0.416	0.600	0.666	0.669	0.498	0.376	0.540	0.730	0.909	0.648	0.932	0.539	0.562	0.502	0.573	0	0.386	0.595	0.628	0.526	0.609	0.747	0.723	0.688	0.760	0.729	0.592	0.453	0.634	0.546	0.603	0.528	0.669	0.623
MD7	0.571	0.490	0.450	0.341	0.513	0.475	0.462	0.587	0.532	0.329	0.597	0.276	0.447	0.453	0.575	0.498	0.226	0.340	0.496	0.870	0.442	0.914	0.370	0.410	0.385	0.468	0.386	0	0.439	0.453	0.390	0.490	0.538	0.477	0.476	0.579	0.496	0.551	0.367	0.440	0.438	0.619	0.576	0.697	0.580
MD8	0.464	0.610	0.242	0.367	0.287	0.511	0.388	0.521	0.714	0.411	0.589	0.465	0.485	0.369	0.584	0.523	0.398	0.465	0.246	0.942	0.300	0.964	0.223	0.313	0.457	0.531	0.595	0.439	0	0.296	0.539	0.359	0.618	0.525	0.490	0.580	0.521	0.639	0.532	0.364	0.530	0.597	0.603	0.746	0.589
MD9	0.548	0.476	0.256	0.336	0.212	0.393	0.327	0.453	0.688	0.402	0.498	0.476	0.390	0.269	0.435	0.604	0.382	0.391	0.236	0.966	0.191	0.989	0.233	0.311	0.370	0.408	0.628	0.453	0.296	0	0.504	0.384	0.645	0.494	0.548	0.519	0.481	0.601	0.527	0.317	0.461	0.700	0.671	0.776	0.555
NC1	0.669	0.622	0.563	0.560	0.587	0.649	0.599	0.587	0.418	0.394	0.600	0.462	0.579	0.571	0.660	0.517	0.344	0.435	0.567	0.953	0.473	1.000	0.453	0.455	0.472	0.572	0.526	0.390	0.539	0.504	0	0.485	0.529	0.473	0.493	0.589	0.474	0.379	0.205	0.384	0.358	0.643	0.568	0.603	0.566
NC10	0.530	0.634	0.403	0.399	0.413	0.540	0.400	0.490	0.704	0.424	0.558	0.533	0.470	0.349	0.581	0.551	0.410	0.464	0.372	0.962	0.379	1.000	0.370	0.445	0.497	0.492	0.609	0.490	0.359	0.384	0.485	0	0.564	0.434	0.435	0.528	0.465	0.597	0.461	0.245	0.411	0.358	0.353	0.572	0.349
NC11	0.700	0.731	0.574	0.558	0.646	0.622	0.628	0.715	0.727	0.587	0.772	0.631	0.676	0.598	0.726	0.677	0.571	0.507	0.620	0.954	0.597	1.000	0.630	0.624	0.641	0.702	0.747	0.538	0.618	0.645	0.529	0.564	0	0.334	0.271	0.414	0.408	0.683	0.557	0.539	0.577	0.617	0.607	0.517	0.611
NC12	0.626	0.607	0.466	0.439	0.516	0.509	0.515	0.549	0.702	0.492	0.613	0.539	0.534	0.481	0.602	0.599	0.532	0.371	0.478	0.960	0.489	1.000	0.558	0.611	0.588	0.541	0.723	0.477	0.525	0.494	0.473	0.434	0.334	0	0.336	0.302	0.315	0.575	0.438	0.337	0.408	0.602	0.578	0.664	0.455
NC13	0.666	0.711	0.454	0.419	0.517	0.572	0.506	0.709	0.745	0.583	0.755	0.625	0.655	0.518	0.705	0.649	0.475	0.474	0.518	0.954	0.502	1.000	0.519	0.539	0.641	0.681	0.688	0.476	0.490	0.548	0.493	0.435	0.271	0.336	0	0.412	0.324	0.676	0.497	0.405	0.530	0.505	0.541	0.573	0.543
NC14	0.637	0.497	0.503	0.512	0.502	0.402	0.499	0.467	0.757	0.536	0.535	0.585	0.460	0.435	0.525	0.679	0.603	0.460	0.500	0.977	0.550	1.000	0.622	0.634	0.561	0.476	0.760	0.579	0.580	0.519	0.589	0.528	0.414	0.302	0.412	0	0.472	0.631	0.555	0.434	0.536	0.614	0.634	0.720	0.436
NC15	0.734	0.732	0.483	0.469	0.501	0.623	0.540	0.686	0.684	0.543	0.685	0.605	0.672	0.540	0.707	0.680	0.481	0.544	0.525	0.977	0.484	1.000	0.457	0.452	0.622	0.648	0.729	0.496	0.521	0.481	0.474	0.465	0.408	0.315	0.324	0.472	0	0.695	0.512	0.427	0.583	0.625	0.611	0.676	0.593
NC2	0.635	0.549	0.666	0.662	0.707	0.691	0.706	0.554	0.549	0.469	0.567	0.487	0.562	0.659	0.595	0.536	0.520	0.487	0.676	0.953	0.573	1.000	0.621	0.647	0.521	0.550	0.592	0.551	0.639	0.601	0.379	0.597	0.683	0.575	0.676	0.631	0.695	0	0.399	0.527	0.338	0.675	0.584	0.548	0.584
NC3	0.597	0.602	0.571	0.549	0.622	0.596	0.606	0.596	0.451	0.388	0.569	0.424	0.542	0.575	0.622	0.465	0.354	0.438	0.574	0.961	0.520	1.000	0.474	0.556	0.466	0.502	0.453	0.367	0.532	0.527	0.205	0.461	0.557	0.438	0.497	0.555	0.512	0.399	0	0.374	0.356	0.568	0.499	0.620	0.500
NC4	0.526	0.524	0.376	0.347	0.347	0.405	0.345	0.410	0.608	0.402	0.423	0.476	0.365	0.294	0.483	0.480	0.394	0.353	0.311	0.947	0.337	0.987	0.390	0.430	0.482	0.393	0.634	0.440	0.364	0.317	0.384	0.245	0.539	0.337	0.405	0.434	0.427	0.527	0.374	0	0.326	0.533	0.509	0.626	0.319
NC5	0.524	0.496	0.521	0.484	0.542	0.520	0.535	0.447	0.552	0.391	0.497	0.420	0.434	0.484	0.514	0.495	0.412	0.335	0.524	0.953	0.448	1.000	0.499	0.567	0.421	0.405	0.546	0.438	0.530	0.461	0.358	0.411	0.577	0.408	0.530	0.536	0.583	0.338	0.356	0.326	0	0.527	0.491	0.500	0.412
NC6	0.611	0.723	0.669	0.649	0.665	0.649	0.605	0.647	0.727	0.588	0.659	0.595	0.621	0.626	0.686	0.560	0.615	0.634	0.688	0.989	0.687	1.000	0.635	0.657	0.635	0.619	0.603	0.619	0.597	0.700	0.643	0.358	0.617	0.602	0.505	0.614	0.625	0.675	0.568	0.533	0.527	0	0.229	0.459	0.334
NC7	0.649	0.695	0.688	0.658	0.725	0.685	0.669	0.668	0.664	0.529	0.644	0.539	0.591	0.642	0.650	0.540	0.565	0.579	0.689	0.953	0.637	1.000	0.601	0.624	0.589	0.573	0.528	0.576	0.603	0.671	0.568	0.353	0.607	0.578	0.541	0.634	0.611	0.584	0.499	0.509	0.491	0.229	0	0.443	0.352
NC8	0.735	0.771	0.770	0.733	0.793	0.789	0.797	0.706	0.703	0.640	0.716	0.661	0.701	0.758	0.749	0.643	0.679	0.617	0.788	0.954	0.739	1.000	0.749	0.714	0.700	0.666	0.669	0.697	0.746	0.776	0.603	0.572	0.517	0.664	0.573	0.720	0.676	0.548	0.620	0.626	0.500	0.459	0.443	0	0.437
NC9	0.612	0.497	0.564	0.548	0.555	0.460	0.511	0.465	0.683	0.496	0.445	0.520	0.434	0.427	0.481	0.528	0.588	0.471	0.532	0.963	0.564	1.000	0.592	0.648	0.565	0.412	0.623	0.580	0.589	0.555	0.566	0.349	0.611	0.455	0.543	0.436	0.593	0.584	0.500	0.319	0.412	0.334	0.352	0.437	0
