jaccard	H60	H61	H62	H63	H64	H66	H67	H68	H79	H94	H95	H96	L36	L37	L38	L39	L70	L73	L76	L77	L91	L92	L93	M30	M31	M32	M33	M34	M35	M54	M55	M56	M57	M58	M59	N12	N13	N15	N16	N17	N51	N52	N53	N86	N87	N88	N90
H60	0	0.691	0.845	0.490	0.778	0.751	0.641	0.705	0.589	0.593	0.740	0.760	0.826	0.782	0.819	0.743	0.793	0.783	0.675	0.736	0.831	0.749	0.757	0.746	0.774	0.818	0.799	0.806	0.798	0.623	0.637	0.708	0.693	0.668	0.777	0.922	0.934	0.893	0.912	0.840	0.837	0.877	0.901	0.894	0.878	0.827	0.903
H61	0.691	0	0.723	0.725	0.689	0.813	0.715	0.754	0.552	0.552	0.620	0.677	0.698	0.761	0.711	0.775	0.774	0.688	0.722	0.739	0.759	0.701	0.721	0.637	0.613	0.692	0.747	0.731	0.729	0.727	0.743	0.790	0.676	0.688	0.628	0.896	0.903	0.875	0.893	0.874	0.893	0.881	0.870	0.892	0.899	0.899	0.880
H62	0.845	0.723	0	0.834	0.681	0.834	0.793	0.775	0.814	0.795	0.742	0.615	0.657	0.723	0.660	0.805	0.613	0.768	0.776	0.797	0.593	0.770	0.769	0.603	0.737	0.705	0.491	0.600	0.761	0.811	0.831	0.866	0.780	0.777	0.680	0.810	0.812	0.850	0.899	0.890	0.896	0.892	0.842	0.891	0.906	0.904	0.844
H63	0.490	0.725	0.834	0	0.794	0.744	0.703	0.735	0.683	0.671	0.758	0.778	0.818	0.800	0.832	0.760	0.817	0.783	0.688	0.689	0.840	0.755	0.751	0.768	0.830	0.804	0.809	0.819	0.785	0.682	0.672	0.759	0.746	0.708	0.816	0.912	0.929	0.901	0.917	0.857	0.851	0.879	0.907	0.904	0.890	0.870	0.907
H64	0.778	0.689	0.681	0.794	0	0.777	0.693	0.680	0.726	0.703	0.695	0.745	0.582	0.670	0.649	0.769	0.705	0.760	0.765	0.803	0.605	0.720	0.732	0.659	0.722	0.731	0.773	0.801	0.772	0.729	0.746	0.799	0.726	0.701	0.715	0.932	0.936	0.900	0.905	0.880	0.876	0.886	0.905	0.920	0.890	0.891	0.916
H66	0.751	0.813	0.834	0.744	0.777	0	0.709	0.678	0.763	0.798	0.701	0.799	0.758	0.790	0.757	0.732	0.815	0.720	0.750	0.677	0.823	0.699	0.727	0.773	0.868	0.834	0.809	0.825	0.746	0.749	0.752	0.787	0.812	0.718	0.843	0.892	0.915	0.871	0.834	0.839	0.850	0.875	0.859	0.876	0.869	0.833	0.890
H67	0.641	0.715	0.793	0.703	0.693	0.709	0	0.563	0.697	0.658	0.564	0.655	0.744	0.684	0.713	0.696	0.733	0.721	0.685	0.722	0.760	0.673	0.633	0.653	0.731	0.714	0.727	0.774	0.711	0.569	0.596	0.619	0.629	0.538	0.731	0.906	0.918	0.878	0.889	0.823	0.792	0.846	0.878	0.889	0.853	0.858	0.884
H68	0.705	0.754	0.775	0.735	0.680	0.678	0.563	0	0.747	0.695	0.658	0.683	0.748	0.666	0.716	0.701	0.729	0.750	0.667	0.696	0.726	0.665	0.674	0.699	0.775	0.776	0.752	0.785	0.713	0.661	0.687	0.734	0.732	0.643	0.764	0.886	0.904	0.845	0.847	0.809	0.775	0.831	0.842	0.837	0.818	0.811	0.868
H79	0.589	0.552	0.814	0.683	0.726	0.763	0.697	0.747	0	0.569	0.678	0.750	0.749	0.750	0.776	0.763	0.782	0.706	0.694	0.727	0.833	0.701	0.727	0.708	0.725	0.784	0.768	0.768	0.744	0.706	0.728	0.720	0.730	0.669	0.749	0.920	0.931	0.883	0.897	0.849	0.861	0.876	0.886	0.894	0.887	0.874	0.903
H94	0.593	0.552	0.795	0.671	0.703	0.798	0.658	0.695	0.569	0	0.713	0.715	0.747	0.740	0.744	0.761	0.772	0.771	0.665	0.743	0.779	0.723	0.731	0.705	0.651	0.748	0.762	0.802	0.803	0.633	0.690	0.719	0.650	0.628	0.669	0.924	0.933	0.893	0.903	0.860	0.860	0.876	0.897	0.901	0.888	0.874	0.907
H95	0.740	0.620	0.742	0.758	0.695	0.701	0.564	0.658	0.678	0.713	0	0.618	0.683	0.700	0.718	0.686	0.773	0.680	0.731	0.709	0.773	0.643	0.635	0.688	0.736	0.749	0.751	0.756	0.682	0.727	0.731	0.746	0.702	0.672	0.695	0.918	0.923	0.894	0.892	0.854	0.850	0.872	0.874	0.908	0.891	0.881	0.898
H96	0.760	0.677	0.615	0.778	0.745	0.799	0.655	0.683	0.750	0.715	0.618	0	0.707	0.691	0.661	0.702	0.661	0.738	0.722	0.750	0.677	0.737	0.676	0.565	0.650	0.678	0.600	0.677	0.720	0.740	0.749	0.773	0.682	0.689	0.655	0.844	0.858	0.823	0.882	0.850	0.840	0.855	0.832	0.863	0.881	0.880	0.833
L36	0.826	0.698	0.657	0.818	0.582	0.758	0.744	0.748	0.749	0.747	0.683	0.707	0	0.692	0.609	0.735	0.640	0.712	0.731	0.744	0.659	0.673	0.689	0.655	0.727	0.673	0.677	0.726	0.754	0.790	0.789	0.842	0.756	0.728	0.690	0.880	0.884	0.864	0.884	0.882	0.878	0.890	0.858	0.882	0.897	0.889	0.855
L37	0.782	0.761	0.723	0.800	0.670	0.790	0.684	0.666	0.750	0.740	0.700	0.691	0.692	0	0.605	0.666	0.624	0.797	0.716	0.748	0.638	0.730	0.689	0.722	0.774	0.779	0.778	0.779	0.779	0.732	0.752	0.802	0.756	0.711	0.763	0.919	0.926	0.881	0.890	0.856	0.839	0.851	0.889	0.892	0.871	0.864	0.894
L38	0.819	0.711	0.660	0.832	0.649	0.757	0.713	0.716	0.776	0.744	0.718	0.661	0.609	0.605	0	0.618	0.573	0.761	0.720	0.719	0.563	0.706	0.640	0.585	0.706	0.713	0.699	0.700	0.763	0.760	0.753	0.817	0.714	0.712	0.687	0.880	0.886	0.855	0.853	0.877	0.871	0.861	0.838	0.882	0.884	0.881	0.855
L39	0.743	0.775	0.805	0.760	0.769	0.732	0.696	0.701	0.763	0.761	0.686	0.702	0.735	0.666	0.618	0	0.705	0.738	0.692	0.682	0.785	0.681	0.599	0.712	0.809	0.813	0.781	0.743	0.758	0.737	0.728	0.783	0.769	0.715	0.799	0.926	0.935	0.904	0.893	0.874	0.873	0.870	0.901	0.911	0.891	0.876	0.910
L70	0.793	0.774	0.613	0.817	0.705	0.815	0.733	0.729	0.782	0.772	0.773	0.661	0.640	0.624	0.573	0.705	0	0.796	0.728	0.738	0.605	0.744	0.699	0.684	0.721	0.684	0.635	0.671	0.808	0.767	0.785	0.824	0.733	0.746	0.706	0.812	0.821	0.828	0.880	0.861	0.842	0.862	0.836	0.864	0.874	0.872	0.822
L73	0.783	0.688	0.768	0.783	0.760	0.720	0.721	0.750	0.706	0.771	0.680	0.738	0.712	0.797	0.761	0.738	0.796	0	0.684	0.651	0.821	0.594	0.605	0.673	0.833	0.750	0.733	0.746	0.600	0.746	0.725	0.765	0.796	0.669	0.806	0.901	0.916	0.888	0.894	0.865	0.862	0.866	0.883	0.895	0.885	0.872	0.898
L76	0.675	0.722	0.776	0.688	0.765	0.750	0.685	0.667	0.694	0.665	0.731	0.722	0.731	0.716	0.720	0.692	0.728	0.684	0	0.612	0.770	0.582	0.617	0.730	0.817	0.788	0.748	0.769	0.708	0.739	0.743	0.772	0.775	0.691	0.802	0.866	0.886	0.847	0.828	0.848	0.796	0.854	0.851	0.822	0.845	0.791	0.845
L77	0.736	0.739	0.797	0.689	0.803	0.677	0.722	0.696	0.727	0.743	0.709	0.750	0.744	0.748	0.719	0.682	0.738	0.651	0.612	0	0.814	0.607	0.544	0.743	0.845	0.778	0.782	0.765	0.696	0.774	0.777	0.806	0.810	0.745	0.816	0.865	0.885	0.860	0.840	0.822	0.836	0.845	0.834	0.846	0.850	0.833	0.853
L91	0.831	0.759	0.593	0.840	0.605	0.823	0.760	0.726	0.833	0.779	0.773	0.677	0.659	0.638	0.563	0.785	0.605	0.821	0.770	0.814	0	0.785	0.783	0.642	0.706	0.695	0.674	0.717	0.790	0.780	0.779	0.836	0.730	0.738	0.698	0.839	0.842	0.857	0.893	0.884	0.874	0.875	0.860	0.889	0.894	0.894	0.835
L92	0.749	0.701	0.770	0.755	0.720	0.699	0.673	0.665	0.701	0.723	0.643	0.737	0.673	0.730	0.706	0.681	0.744	0.594	0.582	0.607	0.785	0	0.530	0.691	0.812	0.767	0.748	0.750	0.645	0.717	0.741	0.785	0.784	0.675	0.781	0.873	0.884	0.851	0.854	0.840	0.816	0.854	0.854	0.851	0.858	0.819	0.853
L93	0.757	0.721	0.769	0.751	0.732	0.727	0.633	0.674	0.727	0.731	0.635	0.676	0.689	0.689	0.640	0.599	0.699	0.605	0.617	0.544	0.783	0.530	0	0.664	0.797	0.724	0.744	0.719	0.671	0.712	0.727	0.780	0.763	0.682	0.761	0.889	0.900	0.870	0.862	0.822	0.829	0.842	0.859	0.873	0.859	0.853	0.865
M30	0.746	0.637	0.603	0.768	0.659	0.773	0.653	0.699	0.708	0.705	0.688	0.565	0.655	0.722	0.585	0.712	0.684	0.673	0.730	0.743	0.642	0.691	0.664	0	0.629	0.606	0.527	0.646	0.634	0.680	0.676	0.729	0.616	0.593	0.644	0.865	0.875	0.838	0.887	0.849	0.854	0.868	0.831	0.875	0.891	0.879	0.853
M31	0.774	0.613	0.737	0.830	0.722	0.868	0.731	0.775	0.725	0.651	0.736	0.650	0.727	0.774	0.706	0.809	0.721	0.833	0.817	0.845	0.706	0.812	0.797	0.629	0	0.599	0.679	0.742	0.835	0.701	0.753	0.764	0.598	0.694	0.575	0.880	0.890	0.865	0.904	0.880	0.884	0.881	0.862	0.900	0.901	0.899	0.868
M32	0.818	0.692	0.705	0.804	0.731	0.834	0.714	0.776	0.784	0.748	0.749	0.678	0.673	0.779	0.713	0.813	0.684	0.750	0.788	0.778	0.695	0.767	0.724	0.606	0.599	0	0.652	0.700	0.767	0.775	0.752	0.819	0.706	0.706	0.683	0.838	0.847	0.841	0.897	0.863	0.878	0.863	0.837	0.883	0.898	0.892	0.829
M33	0.799	0.747	0.491	0.809	0.773	0.809	0.727	0.752	0.768	0.762	0.751	0.600	0.677	0.778	0.699	0.781	0.635	0.733	0.748	0.782	0.674	0.748	0.744	0.527	0.679	0.652	0	0.538	0.709	0.751	0.771	0.806	0.709	0.698	0.708	0.801	0.807	0.842	0.892	0.869	0.871	0.882	0.834	0.876	0.902	0.888	0.839
M34	0.806	0.731	0.600	0.819	0.801	0.825	0.774	0.785	0.768	0.802	0.756	0.677	0.726	0.779	0.700	0.743	0.671	0.746	0.769	0.765	0.717	0.750	0.719	0.646	0.742	0.700	0.538	0	0.731	0.791	0.771	0.818	0.766	0.773	0.722	0.791	0.800	0.847	0.886	0.884	0.890	0.872	0.846	0.876	0.895	0.885	0.833
M35	0.798	0.729	0.761	0.785	0.772	0.746	0.711	0.713	0.744	0.803	0.682	0.720	0.754	0.779	0.763	0.758	0.808	0.600	0.708	0.696	0.790	0.645	0.671	0.634	0.835	0.767	0.709	0.731	0	0.759	0.739	0.758	0.797	0.684	0.813	0.890	0.895	0.868	0.858	0.832	0.796	0.846	0.862	0.852	0.843	0.849	0.872
M54	0.623	0.727	0.811	0.682	0.729	0.749	0.569	0.661	0.706	0.633	0.727	0.740	0.790	0.732	0.760	0.737	0.767	0.746	0.739	0.774	0.780	0.717	0.712	0.680	0.701	0.775	0.751	0.791	0.759	0	0.452	0.518	0.581	0.546	0.691	0.924	0.937	0.890	0.905	0.852	0.823	0.872	0.897	0.898	0.868	0.866	0.905
M55	0.637	0.743	0.831	0.672	0.746	0.752	0.596	0.687	0.728	0.690	0.731	0.749	0.789	0.752	0.753	0.728	0.785	0.725	0.743	0.777	0.779	0.741	0.727	0.676	0.753	0.752	0.771	0.771	0.739	0.452	0	0.501	0.617	0.540	0.743	0.909	0.925	0.894	0.896	0.849	0.824	0.873	0.896	0.898	0.862	0.871	0.894
M56	0.708	0.790	0.866	0.759	0.799	0.787	0.619	0.734	0.720	0.719	0.746	0.773	0.842	0.802	0.817	0.783	0.824	0.765	0.772	0.806	0.836	0.785	0.780	0.729	0.764	0.819	0.806	0.818	0.758	0.518	0.501	0	0.620	0.579	0.766	0.925	0.937	0.902	0.900	0.854	0.801	0.884	0.915	0.900	0.863	0.878	0.916
M57	0.693	0.676	0.780	0.746	0.726	0.812	0.629	0.732	0.730	0.650	0.702	0.682	0.756	0.756	0.714	0.769	0.733	0.796	0.775	0.810	0.730	0.784	0.763	0.616	0.598	0.706	0.709	0.766	0.797	0.581	0.617	0.620	0	0.594	0.501	0.891	0.905	0.874	0.905	0.859	0.837	0.877	0.880	0.887	0.883	0.883	0.879
M58	0.668	0.688	0.777	0.708	0.701	0.718	0.538	0.643	0.669	0.628	0.672	0.689	0.728	0.711	0.712	0.715	0.746	0.669	0.691	0.745	0.738	0.675	0.682	0.593	0.694	0.706	0.698	0.773	0.684	0.546	0.540	0.579	0.594	0	0.700	0.914	0.925	0.889	0.893	0.846	0.814	0.868	0.898	0.897	0.869	0.869	0.898
M59	0.777	0.628	0.680	0.816	0.715	0.843	0.731	0.764	0.749	0.669	0.695	0.655	0.690	0.763	0.687	0.799	0.706	0.806	0.802	0.816	0.698	0.781	0.761	0.644	0.575	0.683	0.708	0.722	0.813	0.691	0.743	0.766	0.501	0.700	0	0.867	0.872	0.853	0.899	0.876	0.882	0.883	0.852	0.899	0.898	0.894	0.850
N12	0.922	0.896	0.810	0.912	0.932	0.892	0.906	0.886	0.920	0.924	0.918	0.844	0.880	0.919	0.880	0.926	0.812	0.901	0.866	0.865	0.839	0.873	0.889	0.865	0.880	0.838	0.801	0.791	0.890	0.924	0.909	0.925	0.891	0.914	0.867	0	0.375	0.729	0.738	0.802	0.844	0.864	0.763	0.706	0.790	0.714	0.544
N13	0.934	0.903	0.812	0.929	0.936	0.915	0.918	0.904	0.931	0.933	0.923	0.858	0.884	0.926	0.886	0.935	0.821	0.916	0.886	0.885	0.842	0.884	0.900	0.875	0.890	0.847	0.807	0.800	0.895	0.937	0.925	0.937	0.905	0.925	0.872	0.375	0	0.733	0.745	0.850	0.871	0.873	0.783	0.744	0.851	0.800	0.550
N15	0.893	0.875	0.850	0.901	0.900	0.871	0.878	0.845	0.883	0.893	0.894	0.823	0.864	0.881	0.855	0.904	0.828	0.888	0.847	0.860	0.857	0.851	0.870	0.838	0.865	0.841	0.842	0.847	0.868	0.890	0.894	0.902	0.874	0.889	0.853	0.729	0.733	0	0.658	0.674	0.740	0.727	0.535	0.679	0.794	0.742	0.656
N16	0.912	0.893	0.899	0.917	0.905	0.834	0.889	0.847	0.897	0.903	0.892	0.882	0.884	0.890	0.853	0.893	0.880	0.894	0.828	0.840	0.893	0.854	0.862	0.887	0.904	0.897	0.892	0.886	0.858	0.905	0.896	0.900	0.905	0.893	0.899	0.738	0.745	0.658	0	0.729	0.742	0.708	0.587	0.723	0.796	0.767	0.682
N17	0.840	0.874	0.890	0.857	0.880	0.839	0.823	0.809	0.849	0.860	0.854	0.850	0.882	0.856	0.877	0.874	0.861	0.865	0.848	0.822	0.884	0.840	0.822	0.849	0.880	0.863	0.869	0.884	0.832	0.852	0.849	0.854	0.859	0.846	0.876	0.802	0.850	0.674	0.729	0	0.666	0.666	0.649	0.755	0.750	0.722	0.764
N51	0.837	0.893	0.896	0.851	0.876	0.850	0.792	0.775	0.861	0.860	0.850	0.840	0.878	0.839	0.871	0.873	0.842	0.862	0.796	0.836	0.874	0.816	0.829	0.854	0.884	0.878	0.871	0.890	0.796	0.823	0.824	0.801	0.837	0.814	0.882	0.844	0.871	0.740	0.742	0.666	0	0.683	0.759	0.675	0.655	0.711	0.766
N52	0.877	0.881	0.892	0.879	0.886	0.875	0.846	0.831	0.876	0.876	0.872	0.855	0.890	0.851	0.861	0.870	0.862	0.866	0.854	0.845	0.875	0.854	0.842	0.868	0.881	0.863	0.882	0.872	0.846	0.872	0.873	0.884	0.877	0.868	0.883	0.864	0.873	0.727	0.708	0.666	0.683	0	0.679	0.772	0.756	0.779	0.805
N53	0.901	0.870	0.842	0.907	0.905	0.859	0.878	0.842	0.886	0.897	0.874	0.832	0.858	0.889	0.838	0.901	0.836	0.883	0.851	0.834	0.860	0.854	0.859	0.831	0.862	0.837	0.834	0.846	0.862	0.897	0.896	0.915	0.880	0.898	0.852	0.763	0.783	0.535	0.587	0.649	0.759	0.679	0	0.723	0.809	0.768	0.725
N86	0.894	0.892	0.891	0.904	0.920	0.876	0.889	0.837	0.894	0.901	0.908	0.863	0.882	0.892	0.882	0.911	0.864	0.895	0.822	0.846	0.889	0.851	0.873	0.875	0.900	0.883	0.876	0.876	0.852	0.898	0.898	0.900	0.887	0.897	0.899	0.706	0.744	0.679	0.723	0.755	0.675	0.772	0.723	0	0.615	0.677	0.586
N87	0.878	0.899	0.906	0.890	0.890	0.869	0.853	0.818	0.887	0.888	0.891	0.881	0.897	0.871	0.884	0.891	0.874	0.885	0.845	0.850	0.894	0.858	0.859	0.891	0.901	0.898	0.902	0.895	0.843	0.868	0.862	0.863	0.883	0.869	0.898	0.790	0.851	0.794	0.796	0.750	0.655	0.756	0.809	0.615	0	0.681	0.721
N88	0.827	0.899	0.904	0.870	0.891	0.833	0.858	0.811	0.874	0.874	0.881	0.880	0.889	0.864	0.881	0.876	0.872	0.872	0.791	0.833	0.894	0.819	0.853	0.879	0.899	0.892	0.888	0.885	0.849	0.866	0.871	0.878	0.883	0.869	0.894	0.714	0.800	0.742	0.767	0.722	0.711	0.779	0.768	0.677	0.681	0	0.713
N90	0.903	0.880	0.844	0.907	0.916	0.890	0.884	0.868	0.903	0.907	0.898	0.833	0.855	0.894	0.855	0.910	0.822	0.898	0.845	0.853	0.835	0.853	0.865	0.853	0.868	0.829	0.839	0.833	0.872	0.905	0.894	0.916	0.879	0.898	0.850	0.544	0.550	0.656	0.682	0.764	0.766	0.805	0.725	0.586	0.721	0.713	0
