manhatten	H60	H61	H79	M31	H94	H63	L77	L76	M33	H67	H68	M30	M54	M55	M56	M57	H95	M59	M58	M32	L73	H64	L36	L91	L38	L70	M35	L37	L92	L93	H62	H96	M34	H66	L39	N13	N90	N86	N15	N16	N53	N52	N51	N87	N17	N88	N12
H60	0	327.0	313.0	349.0	320.0	320.0	392.0	376.0	383.0	357.0	347.0	342.0	343.0	349.0	369.0	337.0	349.0	379.0	366.0	372.0	379.0	351.0	349.0	396.0	364.0	335.0	353.0	368.0	372.0	383.0	369.0	372.0	381.0	391.0	401.0	565.0	543.0	545.0	571.0	558.0	552.0	553.0	471.0	508.0	534.0	512.0	538.0
H61	327.0	0	358.0	310.0	315.0	353.0	393.0	415.0	402.0	430.0	392.0	379.0	410.0	412.0	410.0	382.0	382.0	350.0	375.0	329.0	352.0	384.0	390.0	395.0	391.0	380.0	392.0	397.0	391.0	394.0	370.0	395.0	390.0	392.0	388.0	550.0	590.0	572.0	560.0	561.0	551.0	510.0	522.0	527.0	577.0	559.0	547.0
H79	313.0	358.0	0	308.0	325.0	365.0	399.0	359.0	374.0	338.0	344.0	349.0	354.0	358.0	358.0	328.0	356.0	374.0	347.0	379.0	390.0	382.0	368.0	371.0	353.0	324.0	364.0	389.0	357.0	370.0	394.0	339.0	360.0	392.0	390.0	534.0	550.0	548.0	544.0	561.0	553.0	494.0	438.0	489.0	499.0	505.0	521.0
M31	349.0	310.0	308.0	0	341.0	397.0	413.0	395.0	352.0	410.0	390.0	321.0	368.0	376.0	364.0	348.0	370.0	350.0	373.0	335.0	382.0	402.0	394.0	375.0	373.0	336.0	384.0	377.0	375.0	372.0	392.0	367.0	348.0	426.0	380.0	532.0	532.0	532.0	514.0	533.0	547.0	484.0	460.0	511.0	531.0	501.0	523.0
H94	320.0	315.0	325.0	341.0	0	378.0	378.0	380.0	379.0	351.0	365.0	348.0	349.0	347.0	377.0	377.0	347.0	373.0	326.0	320.0	325.0	371.0	377.0	378.0	374.0	373.0	369.0	380.0	356.0	381.0	405.0	360.0	369.0	409.0	391.0	551.0	555.0	561.0	573.0	556.0	578.0	483.0	485.0	510.0	546.0	498.0	540.0
H63	320.0	353.0	365.0	397.0	378.0	0	318.0	378.0	363.0	373.0	363.0	346.0	339.0	349.0	373.0	347.0	369.0	369.0	370.0	376.0	363.0	383.0	379.0	394.0	388.0	381.0	359.0	382.0	380.0	369.0	377.0	334.0	343.0	411.0	405.0	561.0	577.0	527.0	567.0	572.0	572.0	531.0	483.0	512.0	546.0	548.0	468.0
L77	392.0	393.0	399.0	413.0	378.0	318.0	0	318.0	385.0	395.0	405.0	388.0	379.0	365.0	397.0	387.0	397.0	395.0	396.0	374.0	343.0	401.0	395.0	390.0	366.0	373.0	371.0	386.0	346.0	357.0	401.0	344.0	349.0	393.0	407.0	549.0	565.0	521.0	557.0	562.0	560.0	523.0	501.0	510.0	560.0	520.0	460.0
L76	376.0	415.0	359.0	395.0	380.0	378.0	318.0	0	315.0	365.0	369.0	344.0	337.0	363.0	351.0	349.0	331.0	333.0	374.0	384.0	335.0	395.0	359.0	360.0	364.0	327.0	377.0	344.0	330.0	347.0	327.0	374.0	367.0	413.0	347.0	535.0	557.0	547.0	535.0	566.0	502.0	517.0	473.0	492.0	530.0	514.0	516.0
M33	383.0	402.0	374.0	352.0	379.0	363.0	385.0	315.0	0	364.0	372.0	325.0	356.0	358.0	358.0	370.0	342.0	320.0	361.0	345.0	362.0	398.0	374.0	367.0	371.0	362.0	344.0	369.0	409.0	344.0	332.0	383.0	368.0	432.0	380.0	556.0	554.0	554.0	562.0	541.0	501.0	510.0	472.0	515.0	539.0	511.0	507.0
H67	357.0	430.0	338.0	410.0	351.0	373.0	395.0	365.0	364.0	0	296.0	371.0	342.0	308.0	328.0	364.0	362.0	388.0	355.0	363.0	408.0	352.0	364.0	387.0	323.0	380.0	362.0	357.0	373.0	338.0	412.0	361.0	392.0	378.0	388.0	556.0	524.0	542.0	526.0	525.0	555.0	538.0	456.0	483.0	507.0	507.0	527.0
H68	347.0	392.0	344.0	390.0	365.0	363.0	405.0	369.0	372.0	296.0	0	325.0	336.0	340.0	306.0	360.0	350.0	392.0	337.0	391.0	404.0	354.0	372.0	379.0	355.0	346.0	362.0	351.0	363.0	348.0	386.0	365.0	386.0	374.0	364.0	562.0	558.0	542.0	542.0	571.0	551.0	554.0	452.0	481.0	473.0	505.0	543.0
M30	342.0	379.0	349.0	321.0	348.0	346.0	388.0	344.0	325.0	371.0	325.0	0	303.0	345.0	323.0	357.0	363.0	359.0	350.0	346.0	369.0	407.0	371.0	368.0	358.0	347.0	329.0	368.0	360.0	325.0	355.0	374.0	329.0	415.0	349.0	543.0	557.0	545.0	539.0	560.0	542.0	527.0	455.0	498.0	484.0	492.0	510.0
M54	343.0	410.0	354.0	368.0	349.0	339.0	379.0	337.0	356.0	342.0	336.0	303.0	0	272.0	288.0	346.0	376.0	364.0	327.0	337.0	384.0	392.0	346.0	361.0	373.0	354.0	348.0	351.0	325.0	350.0	388.0	367.0	366.0	350.0	402.0	562.0	546.0	558.0	520.0	569.0	567.0	516.0	468.0	487.0	507.0	479.0	531.0
M55	349.0	412.0	358.0	376.0	347.0	349.0	365.0	363.0	358.0	308.0	340.0	345.0	272.0	0	284.0	306.0	366.0	340.0	313.0	347.0	386.0	356.0	360.0	353.0	345.0	360.0	342.0	375.0	367.0	326.0	400.0	369.0	364.0	364.0	400.0	522.0	482.0	502.0	490.0	489.0	531.0	490.0	444.0	453.0	483.0	477.0	483.0
M56	369.0	410.0	358.0	364.0	377.0	373.0	397.0	351.0	358.0	328.0	306.0	323.0	288.0	284.0	0	308.0	388.0	350.0	323.0	375.0	416.0	390.0	378.0	363.0	357.0	366.0	368.0	365.0	369.0	362.0	410.0	393.0	366.0	388.0	350.0	516.0	534.0	540.0	490.0	531.0	539.0	512.0	430.0	455.0	463.0	491.0	505.0
M57	337.0	382.0	328.0	348.0	377.0	347.0	387.0	349.0	370.0	364.0	360.0	357.0	346.0	306.0	308.0	0	362.0	310.0	331.0	363.0	384.0	394.0	394.0	377.0	361.0	336.0	386.0	371.0	381.0	362.0	400.0	361.0	352.0	418.0	386.0	528.0	516.0	512.0	498.0	541.0	533.0	492.0	400.0	463.0	485.0	499.0	477.0
H95	349.0	382.0	356.0	370.0	347.0	369.0	397.0	331.0	342.0	362.0	350.0	363.0	376.0	366.0	388.0	362.0	0	306.0	361.0	367.0	394.0	394.0	368.0	391.0	381.0	362.0	384.0	383.0	397.0	416.0	346.0	333.0	382.0	398.0	388.0	570.0	568.0	570.0	560.0	565.0	517.0	540.0	486.0	531.0	533.0	529.0	555.0
M59	379.0	350.0	374.0	350.0	373.0	369.0	395.0	333.0	320.0	388.0	392.0	359.0	364.0	340.0	350.0	310.0	306.0	0	359.0	351.0	398.0	384.0	392.0	371.0	369.0	396.0	392.0	391.0	393.0	372.0	334.0	375.0	372.0	420.0	386.0	512.0	518.0	522.0	500.0	537.0	491.0	516.0	452.0	501.0	513.0	509.0	497.0
M58	366.0	375.0	347.0	373.0	326.0	370.0	396.0	374.0	361.0	355.0	337.0	350.0	327.0	313.0	323.0	331.0	361.0	359.0	0	316.0	357.0	397.0	383.0	378.0	368.0	359.0	357.0	374.0	360.0	359.0	397.0	386.0	391.0	383.0	399.0	533.0	531.0	529.0	503.0	532.0	522.0	449.0	441.0	472.0	510.0	480.0	510.0
M32	372.0	329.0	379.0	335.0	320.0	376.0	374.0	384.0	345.0	363.0	391.0	346.0	337.0	347.0	375.0	363.0	367.0	351.0	316.0	0	321.0	375.0	373.0	362.0	362.0	357.0	325.0	390.0	368.0	349.0	367.0	358.0	329.0	411.0	389.0	539.0	533.0	537.0	539.0	532.0	554.0	481.0	483.0	506.0	558.0	506.0	528.0
L73	379.0	352.0	390.0	382.0	325.0	363.0	343.0	335.0	362.0	408.0	404.0	369.0	384.0	386.0	416.0	384.0	394.0	398.0	357.0	321.0	0	406.0	380.0	383.0	369.0	354.0	368.0	403.0	331.0	346.0	382.0	397.0	390.0	420.0	388.0	580.0	588.0	582.0	576.0	575.0	567.0	478.0	502.0	535.0	581.0	531.0	531.0
H64	351.0	384.0	382.0	402.0	371.0	383.0	401.0	395.0	398.0	352.0	354.0	407.0	392.0	356.0	390.0	394.0	394.0	384.0	397.0	375.0	406.0	0	292.0	303.0	345.0	344.0	322.0	369.0	407.0	408.0	346.0	411.0	402.0	384.0	418.0	510.0	566.0	564.0	552.0	565.0	575.0	542.0	502.0	479.0	529.0	533.0	521.0
L36	349.0	390.0	368.0	394.0	377.0	379.0	395.0	359.0	374.0	364.0	372.0	371.0	346.0	360.0	378.0	394.0	368.0	392.0	383.0	373.0	380.0	292.0	0	289.0	333.0	344.0	330.0	365.0	379.0	402.0	366.0	373.0	378.0	394.0	402.0	490.0	552.0	544.0	570.0	557.0	587.0	556.0	484.0	481.0	533.0	515.0	527.0
L91	396.0	395.0	371.0	375.0	378.0	394.0	390.0	360.0	367.0	387.0	379.0	368.0	361.0	353.0	363.0	377.0	391.0	371.0	378.0	362.0	383.0	303.0	289.0	0	316.0	313.0	319.0	324.0	378.0	401.0	359.0	398.0	381.0	395.0	375.0	479.0	551.0	539.0	533.0	542.0	554.0	537.0	479.0	462.0	524.0	510.0	526.0
L38	364.0	391.0	353.0	373.0	374.0	388.0	366.0	364.0	371.0	323.0	355.0	358.0	373.0	345.0	357.0	361.0	381.0	369.0	368.0	362.0	369.0	345.0	333.0	316.0	0	307.0	343.0	322.0	334.0	337.0	367.0	370.0	367.0	391.0	337.0	483.0	493.0	527.0	503.0	508.0	518.0	493.0	447.0	464.0	504.0	474.0	510.0
L70	335.0	380.0	324.0	336.0	373.0	381.0	373.0	327.0	362.0	380.0	346.0	347.0	354.0	360.0	366.0	336.0	362.0	396.0	359.0	357.0	354.0	344.0	344.0	313.0	307.0	0	390.0	337.0	353.0	380.0	364.0	393.0	384.0	402.0	362.0	558.0	570.0	572.0	546.0	583.0	579.0	536.0	442.0	505.0	549.0	525.0	525.0
M35	353.0	392.0	364.0	384.0	369.0	359.0	371.0	377.0	344.0	362.0	362.0	329.0	348.0	342.0	368.0	386.0	384.0	392.0	357.0	325.0	368.0	322.0	330.0	319.0	343.0	390.0	0	355.0	357.0	332.0	394.0	361.0	354.0	390.0	374.0	466.0	536.0	496.0	524.0	533.0	533.0	502.0	464.0	439.0	501.0	485.0	499.0
L37	368.0	397.0	389.0	377.0	380.0	382.0	386.0	344.0	369.0	357.0	351.0	368.0	351.0	375.0	365.0	371.0	383.0	391.0	374.0	390.0	403.0	369.0	365.0	324.0	322.0	337.0	355.0	0	340.0	361.0	361.0	368.0	379.0	357.0	357.0	523.0	535.0	523.0	485.0	516.0	548.0	503.0	461.0	458.0	508.0	468.0	528.0
L92	372.0	391.0	357.0	375.0	356.0	380.0	346.0	330.0	409.0	373.0	363.0	360.0	325.0	367.0	369.0	381.0	397.0	393.0	360.0	368.0	331.0	407.0	379.0	378.0	334.0	353.0	357.0	340.0	0	337.0	413.0	382.0	407.0	337.0	363.0	507.0	537.0	521.0	473.0	542.0	538.0	507.0	455.0	476.0	500.0	448.0	518.0
L93	383.0	394.0	370.0	372.0	381.0	369.0	357.0	347.0	344.0	338.0	348.0	325.0	350.0	326.0	362.0	362.0	416.0	372.0	359.0	349.0	346.0	408.0	402.0	401.0	337.0	380.0	332.0	361.0	337.0	0	384.0	375.0	366.0	398.0	382.0	540.0	510.0	544.0	534.0	491.0	535.0	486.0	466.0	487.0	529.0	501.0	505.0
H62	369.0	370.0	394.0	392.0	405.0	377.0	401.0	327.0	332.0	412.0	386.0	355.0	388.0	400.0	410.0	400.0	346.0	334.0	397.0	367.0	382.0	346.0	366.0	359.0	367.0	364.0	394.0	361.0	413.0	384.0	0	397.0	392.0	412.0	390.0	530.0	572.0	548.0	550.0	557.0	527.0	544.0	518.0	509.0	565.0	527.0	517.0
H96	372.0	395.0	339.0	367.0	360.0	334.0	344.0	374.0	383.0	361.0	365.0	374.0	367.0	369.0	393.0	361.0	333.0	375.0	386.0	358.0	397.0	411.0	373.0	398.0	370.0	393.0	361.0	368.0	382.0	375.0	397.0	0	305.0	417.0	371.0	549.0	525.0	485.0	541.0	532.0	550.0	499.0	479.0	510.0	542.0	512.0	478.0
M34	381.0	390.0	360.0	348.0	369.0	343.0	349.0	367.0	368.0	392.0	386.0	329.0	366.0	364.0	366.0	352.0	382.0	372.0	391.0	329.0	390.0	402.0	378.0	381.0	367.0	384.0	354.0	379.0	407.0	366.0	392.0	305.0	0	434.0	370.0	506.0	538.0	492.0	536.0	529.0	533.0	506.0	478.0	501.0	531.0	519.0	479.0
H66	391.0	392.0	392.0	426.0	409.0	411.0	393.0	413.0	432.0	378.0	374.0	415.0	350.0	364.0	388.0	418.0	398.0	420.0	383.0	411.0	420.0	384.0	394.0	395.0	391.0	402.0	390.0	357.0	337.0	398.0	412.0	417.0	434.0	0	446.0	564.0	562.0	594.0	512.0	569.0	581.0	552.0	504.0	509.0	523.0	473.0	565.0
L39	401.0	388.0	390.0	380.0	391.0	405.0	407.0	347.0	380.0	388.0	364.0	349.0	402.0	400.0	350.0	386.0	388.0	386.0	399.0	389.0	388.0	418.0	402.0	375.0	337.0	362.0	374.0	357.0	363.0	382.0	390.0	371.0	370.0	446.0	0	510.0	540.0	536.0	498.0	517.0	513.0	498.0	492.0	497.0	517.0	521.0	513.0
N13	565.0	550.0	534.0	532.0	551.0	561.0	549.0	535.0	556.0	556.0	562.0	543.0	562.0	522.0	516.0	528.0	570.0	512.0	533.0	539.0	580.0	510.0	490.0	479.0	483.0	558.0	466.0	523.0	507.0	540.0	530.0	549.0	506.0	564.0	510.0	0	378.0	418.0	388.0	453.0	431.0	460.0	488.0	439.0	489.0	455.0	415.0
N90	543.0	590.0	550.0	532.0	555.0	577.0	565.0	557.0	554.0	524.0	558.0	557.0	546.0	482.0	534.0	516.0	568.0	518.0	531.0	533.0	588.0	566.0	552.0	551.0	493.0	570.0	536.0	535.0	537.0	510.0	572.0	525.0	538.0	562.0	540.0	378.0	0	378.0	408.0	411.0	441.0	440.0	446.0	419.0	433.0	421.0	433.0
N86	545.0	572.0	548.0	532.0	561.0	527.0	521.0	547.0	554.0	542.0	542.0	545.0	558.0	502.0	540.0	512.0	570.0	522.0	529.0	537.0	582.0	564.0	544.0	539.0	527.0	572.0	496.0	523.0	521.0	544.0	548.0	485.0	492.0	594.0	536.0	418.0	378.0	0	424.0	447.0	451.0	436.0	462.0	403.0	425.0	429.0	401.0
N15	571.0	560.0	544.0	514.0	573.0	567.0	557.0	535.0	562.0	526.0	542.0	539.0	520.0	490.0	490.0	498.0	560.0	500.0	503.0	539.0	576.0	552.0	570.0	533.0	503.0	546.0	524.0	485.0	473.0	534.0	550.0	541.0	536.0	512.0	498.0	388.0	408.0	424.0	0	385.0	387.0	376.0	406.0	431.0	419.0	429.0	441.0
N16	558.0	561.0	561.0	533.0	556.0	572.0	562.0	566.0	541.0	525.0	571.0	560.0	569.0	489.0	531.0	541.0	565.0	537.0	532.0	532.0	575.0	565.0	557.0	542.0	508.0	583.0	533.0	516.0	542.0	491.0	557.0	532.0	529.0	569.0	517.0	453.0	411.0	447.0	385.0	0	348.0	357.0	413.0	434.0	442.0	440.0	470.0
N53	552.0	551.0	553.0	547.0	578.0	572.0	560.0	502.0	501.0	555.0	551.0	542.0	567.0	531.0	539.0	533.0	517.0	491.0	522.0	554.0	567.0	575.0	587.0	554.0	518.0	579.0	533.0	548.0	538.0	535.0	527.0	550.0	533.0	581.0	513.0	431.0	441.0	451.0	387.0	348.0	0	359.0	419.0	432.0	412.0	432.0	470.0
N52	553.0	510.0	494.0	484.0	483.0	531.0	523.0	517.0	510.0	538.0	554.0	527.0	516.0	490.0	512.0	492.0	540.0	516.0	449.0	481.0	478.0	542.0	556.0	537.0	493.0	536.0	502.0	503.0	507.0	486.0	544.0	499.0	506.0	552.0	498.0	460.0	440.0	436.0	376.0	357.0	359.0	0	366.0	405.0	433.0	425.0	475.0
N51	471.0	522.0	438.0	460.0	485.0	483.0	501.0	473.0	472.0	456.0	452.0	455.0	468.0	444.0	430.0	400.0	486.0	452.0	441.0	483.0	502.0	502.0	484.0	479.0	447.0	442.0	464.0	461.0	455.0	466.0	518.0	479.0	478.0	504.0	492.0	488.0	446.0	462.0	406.0	413.0	419.0	366.0	0	345.0	369.0	389.0	477.0
N87	508.0	527.0	489.0	511.0	510.0	512.0	510.0	492.0	515.0	483.0	481.0	498.0	487.0	453.0	455.0	463.0	531.0	501.0	472.0	506.0	535.0	479.0	481.0	462.0	464.0	505.0	439.0	458.0	476.0	487.0	509.0	510.0	501.0	509.0	497.0	439.0	419.0	403.0	431.0	434.0	432.0	405.0	345.0	0	394.0	374.0	472.0
N17	534.0	577.0	499.0	531.0	546.0	546.0	560.0	530.0	539.0	507.0	473.0	484.0	507.0	483.0	463.0	485.0	533.0	513.0	510.0	558.0	581.0	529.0	533.0	524.0	504.0	549.0	501.0	508.0	500.0	529.0	565.0	542.0	531.0	523.0	517.0	489.0	433.0	425.0	419.0	442.0	412.0	433.0	369.0	394.0	0	420.0	484.0
N88	512.0	559.0	505.0	501.0	498.0	548.0	520.0	514.0	511.0	507.0	505.0	492.0	479.0	477.0	491.0	499.0	529.0	509.0	480.0	506.0	531.0	533.0	515.0	510.0	474.0	525.0	485.0	468.0	448.0	501.0	527.0	512.0	519.0	473.0	521.0	455.0	421.0	429.0	429.0	440.0	432.0	425.0	389.0	374.0	420.0	0	452.0
N12	538.0	547.0	521.0	523.0	540.0	468.0	460.0	516.0	507.0	527.0	543.0	510.0	531.0	483.0	505.0	477.0	555.0	497.0	510.0	528.0	531.0	521.0	527.0	526.0	510.0	525.0	499.0	528.0	518.0	505.0	517.0	478.0	479.0	565.0	513.0	415.0	433.0	401.0	441.0	470.0	470.0	475.0	477.0	472.0	484.0	452.0	0
