unifrac	H60	H61	H62	H63	H64	H66	H67	H68	H79	H94	H95	H96	L36	L37	L38	L39	L70	L73	L76	L77	L91	L92	L93	M30	M31	M32	M33	M34	M35	M54	M55	M56	M57	M58	M59	N12	N13	N15	N16	N17	N51	N52	N53	N86	N87	N88	N90
H60	0	0.382	0.514	0.174	0.320	0.388	0.276	0.259	0.244	0.190	0.424	0.379	0.477	0.320	0.416	0.405	0.397	0.480	0.193	0.405	0.314	0.325	0.412	0.320	0.367	0.404	0.478	0.551	0.420	0.138	0.113	0.217	0.259	0.208	0.393	0.550	0.651	0.530	0.570	0.386	0.195	0.490	0.549	0.308	0.218	0.269	0.471
H61	0.382	0	0.329	0.370	0.295	0.370	0.282	0.306	0.215	0.291	0.255	0.272	0.300	0.338	0.315	0.400	0.376	0.292	0.415	0.339	0.333	0.337	0.317	0.270	0.260	0.273	0.394	0.409	0.263	0.344	0.364	0.405	0.329	0.310	0.244	0.529	0.569	0.446	0.493	0.430	0.428	0.464	0.440	0.431	0.445	0.486	0.438
H62	0.514	0.329	0	0.461	0.429	0.410	0.449	0.436	0.425	0.473	0.404	0.249	0.329	0.369	0.293	0.405	0.258	0.403	0.430	0.352	0.301	0.416	0.362	0.270	0.392	0.340	0.169	0.213	0.327	0.516	0.487	0.537	0.476	0.451	0.339	0.400	0.427	0.441	0.529	0.502	0.537	0.533	0.431	0.492	0.543	0.524	0.401
H63	0.174	0.370	0.461	0	0.306	0.328	0.260	0.253	0.280	0.217	0.380	0.352	0.414	0.288	0.387	0.392	0.374	0.435	0.235	0.329	0.285	0.295	0.381	0.303	0.394	0.386	0.451	0.527	0.393	0.184	0.162	0.256	0.303	0.225	0.416	0.533	0.640	0.507	0.566	0.372	0.281	0.478	0.531	0.321	0.296	0.343	0.451
H64	0.320	0.295	0.429	0.306	0	0.319	0.272	0.211	0.245	0.308	0.309	0.312	0.295	0.242	0.332	0.343	0.369	0.379	0.352	0.335	0.283	0.304	0.334	0.272	0.347	0.379	0.446	0.487	0.340	0.308	0.295	0.345	0.330	0.271	0.344	0.542	0.627	0.527	0.554	0.419	0.406	0.493	0.543	0.468	0.418	0.465	0.487
H66	0.388	0.370	0.410	0.328	0.319	0	0.285	0.289	0.358	0.381	0.324	0.334	0.317	0.293	0.271	0.294	0.351	0.354	0.321	0.247	0.347	0.281	0.279	0.326	0.421	0.415	0.408	0.488	0.342	0.384	0.356	0.417	0.418	0.320	0.421	0.542	0.595	0.474	0.441	0.426	0.464	0.465	0.465	0.486	0.482	0.476	0.471
H67	0.276	0.282	0.449	0.260	0.272	0.285	0	0.153	0.254	0.283	0.265	0.295	0.372	0.259	0.327	0.354	0.347	0.393	0.329	0.302	0.328	0.304	0.293	0.285	0.301	0.310	0.420	0.502	0.315	0.237	0.237	0.254	0.268	0.189	0.344	0.530	0.616	0.484	0.542	0.395	0.367	0.454	0.503	0.434	0.389	0.452	0.448
H68	0.259	0.306	0.436	0.253	0.211	0.289	0.153	0	0.242	0.272	0.295	0.279	0.368	0.207	0.314	0.325	0.338	0.401	0.307	0.297	0.272	0.313	0.315	0.256	0.312	0.359	0.414	0.485	0.322	0.241	0.224	0.263	0.281	0.207	0.346	0.525	0.618	0.469	0.517	0.373	0.349	0.451	0.497	0.424	0.376	0.427	0.443
H79	0.244	0.215	0.425	0.280	0.245	0.358	0.254	0.242	0	0.193	0.294	0.317	0.339	0.273	0.334	0.341	0.375	0.345	0.298	0.323	0.290	0.230	0.311	0.253	0.277	0.324	0.405	0.456	0.288	0.226	0.248	0.276	0.259	0.202	0.311	0.535	0.636	0.504	0.534	0.376	0.332	0.475	0.512	0.398	0.354	0.401	0.456
H94	0.190	0.291	0.473	0.217	0.308	0.381	0.283	0.272	0.193	0	0.395	0.362	0.418	0.312	0.383	0.411	0.403	0.423	0.227	0.362	0.290	0.286	0.383	0.301	0.267	0.361	0.433	0.512	0.385	0.156	0.177	0.203	0.243	0.166	0.291	0.535	0.633	0.524	0.558	0.384	0.267	0.492	0.535	0.327	0.285	0.335	0.470
H95	0.424	0.255	0.404	0.380	0.309	0.324	0.265	0.295	0.294	0.395	0	0.315	0.314	0.327	0.372	0.362	0.437	0.325	0.427	0.319	0.424	0.325	0.295	0.317	0.389	0.347	0.458	0.459	0.289	0.409	0.390	0.423	0.413	0.346	0.353	0.647	0.668	0.579	0.592	0.517	0.503	0.553	0.551	0.556	0.526	0.565	0.562
H96	0.379	0.272	0.249	0.352	0.312	0.334	0.295	0.279	0.317	0.362	0.315	0	0.325	0.223	0.217	0.282	0.214	0.376	0.353	0.279	0.233	0.358	0.267	0.169	0.246	0.295	0.265	0.337	0.279	0.382	0.354	0.408	0.338	0.338	0.276	0.441	0.513	0.385	0.503	0.398	0.398	0.418	0.417	0.394	0.407	0.446	0.347
L36	0.477	0.300	0.329	0.414	0.295	0.317	0.372	0.368	0.339	0.418	0.314	0.325	0	0.337	0.288	0.383	0.364	0.326	0.397	0.312	0.321	0.305	0.289	0.297	0.350	0.265	0.340	0.380	0.328	0.452	0.456	0.507	0.442	0.408	0.335	0.539	0.559	0.508	0.563	0.496	0.528	0.545	0.492	0.501	0.532	0.543	0.490
L37	0.320	0.338	0.369	0.288	0.242	0.293	0.259	0.207	0.273	0.312	0.327	0.223	0.337	0	0.224	0.221	0.266	0.388	0.273	0.257	0.241	0.286	0.246	0.230	0.356	0.417	0.387	0.468	0.294	0.308	0.290	0.356	0.334	0.281	0.396	0.522	0.616	0.463	0.514	0.347	0.360	0.442	0.495	0.396	0.359	0.388	0.411
L38	0.416	0.315	0.293	0.387	0.332	0.271	0.327	0.314	0.334	0.383	0.372	0.217	0.288	0.224	0	0.239	0.229	0.394	0.325	0.268	0.258	0.309	0.262	0.236	0.332	0.376	0.317	0.387	0.322	0.405	0.388	0.450	0.383	0.364	0.350	0.472	0.538	0.355	0.453	0.386	0.405	0.390	0.382	0.375	0.400	0.420	0.367
L39	0.405	0.400	0.405	0.392	0.343	0.294	0.354	0.325	0.341	0.411	0.362	0.282	0.383	0.221	0.239	0	0.293	0.403	0.320	0.269	0.367	0.289	0.251	0.301	0.433	0.490	0.428	0.460	0.335	0.414	0.390	0.432	0.430	0.378	0.451	0.535	0.623	0.452	0.495	0.406	0.433	0.443	0.482	0.455	0.444	0.437	0.447
L70	0.397	0.376	0.258	0.374	0.369	0.351	0.347	0.338	0.375	0.403	0.437	0.214	0.364	0.266	0.229	0.293	0	0.448	0.364	0.293	0.217	0.379	0.329	0.256	0.321	0.334	0.234	0.334	0.376	0.406	0.389	0.436	0.360	0.386	0.350	0.378	0.452	0.398	0.528	0.420	0.446	0.467	0.439	0.434	0.454	0.470	0.361
L73	0.480	0.292	0.403	0.435	0.379	0.354	0.393	0.401	0.345	0.423	0.325	0.376	0.326	0.388	0.394	0.403	0.448	0	0.391	0.280	0.449	0.281	0.232	0.349	0.462	0.384	0.418	0.451	0.236	0.462	0.448	0.497	0.491	0.390	0.416	0.589	0.614	0.552	0.576	0.488	0.522	0.541	0.538	0.522	0.527	0.537	0.535
L76	0.193	0.415	0.430	0.235	0.352	0.321	0.329	0.307	0.298	0.227	0.427	0.353	0.397	0.273	0.325	0.320	0.364	0.391	0	0.287	0.285	0.219	0.315	0.304	0.419	0.450	0.409	0.478	0.357	0.254	0.219	0.317	0.368	0.248	0.439	0.510	0.612	0.502	0.545	0.402	0.265	0.504	0.518	0.306	0.269	0.268	0.435
L77	0.405	0.339	0.352	0.329	0.335	0.247	0.302	0.297	0.323	0.362	0.319	0.279	0.312	0.257	0.268	0.269	0.293	0.280	0.287	0	0.358	0.255	0.187	0.298	0.384	0.353	0.353	0.444	0.242	0.388	0.379	0.442	0.429	0.345	0.398	0.518	0.579	0.458	0.511	0.412	0.462	0.456	0.456	0.462	0.468	0.461	0.447
L91	0.314	0.333	0.301	0.285	0.283	0.347	0.328	0.272	0.290	0.290	0.424	0.233	0.321	0.241	0.258	0.367	0.217	0.449	0.285	0.358	0	0.302	0.381	0.198	0.281	0.299	0.294	0.361	0.393	0.297	0.283	0.344	0.287	0.278	0.312	0.388	0.480	0.434	0.529	0.377	0.369	0.478	0.456	0.351	0.371	0.388	0.335
L92	0.325	0.337	0.416	0.295	0.304	0.281	0.304	0.313	0.230	0.286	0.325	0.358	0.305	0.286	0.309	0.289	0.379	0.281	0.219	0.255	0.302	0	0.230	0.270	0.407	0.402	0.397	0.439	0.277	0.310	0.314	0.354	0.371	0.257	0.409	0.496	0.597	0.502	0.551	0.381	0.388	0.496	0.509	0.385	0.395	0.380	0.430
L93	0.412	0.317	0.362	0.381	0.334	0.279	0.293	0.315	0.311	0.383	0.295	0.267	0.289	0.246	0.262	0.251	0.329	0.232	0.315	0.187	0.381	0.230	0	0.289	0.400	0.358	0.375	0.417	0.209	0.389	0.384	0.454	0.437	0.357	0.391	0.548	0.598	0.488	0.515	0.415	0.457	0.468	0.478	0.460	0.459	0.476	0.471
M30	0.320	0.270	0.270	0.303	0.272	0.326	0.285	0.256	0.253	0.301	0.317	0.169	0.297	0.230	0.236	0.301	0.256	0.349	0.304	0.298	0.198	0.270	0.289	0	0.282	0.292	0.275	0.342	0.264	0.323	0.284	0.328	0.268	0.255	0.274	0.432	0.523	0.408	0.519	0.358	0.377	0.467	0.423	0.371	0.395	0.418	0.354
M31	0.367	0.260	0.392	0.394	0.347	0.421	0.301	0.312	0.277	0.267	0.389	0.246	0.350	0.356	0.332	0.433	0.321	0.462	0.419	0.384	0.281	0.407	0.400	0.282	0	0.242	0.335	0.420	0.401	0.303	0.356	0.301	0.223	0.305	0.187	0.481	0.554	0.440	0.542	0.427	0.404	0.449	0.453	0.429	0.426	0.472	0.406
M32	0.404	0.273	0.340	0.386	0.379	0.415	0.310	0.359	0.324	0.361	0.347	0.295	0.265	0.417	0.376	0.490	0.334	0.384	0.450	0.353	0.299	0.402	0.358	0.292	0.242	0	0.325	0.395	0.366	0.352	0.390	0.418	0.340	0.349	0.252	0.461	0.493	0.478	0.555	0.454	0.471	0.511	0.435	0.480	0.497	0.535	0.428
M33	0.478	0.394	0.169	0.451	0.446	0.408	0.420	0.414	0.405	0.433	0.458	0.265	0.340	0.387	0.317	0.428	0.234	0.418	0.409	0.353	0.294	0.397	0.375	0.275	0.335	0.325	0	0.212	0.368	0.464	0.461	0.491	0.427	0.422	0.367	0.383	0.436	0.444	0.558	0.473	0.513	0.518	0.461	0.469	0.524	0.508	0.406
M34	0.551	0.409	0.213	0.527	0.487	0.488	0.502	0.485	0.456	0.512	0.459	0.337	0.380	0.468	0.387	0.460	0.334	0.451	0.478	0.444	0.361	0.439	0.417	0.342	0.420	0.395	0.212	0	0.417	0.548	0.530	0.570	0.506	0.501	0.388	0.438	0.455	0.491	0.574	0.541	0.586	0.579	0.487	0.532	0.592	0.564	0.454
M35	0.420	0.263	0.327	0.393	0.340	0.342	0.315	0.322	0.288	0.385	0.289	0.279	0.328	0.294	0.322	0.335	0.376	0.236	0.357	0.242	0.393	0.277	0.209	0.264	0.401	0.366	0.368	0.417	0	0.406	0.381	0.423	0.439	0.334	0.373	0.569	0.601	0.492	0.519	0.419	0.446	0.480	0.463	0.459	0.454	0.487	0.481
M54	0.138	0.344	0.516	0.184	0.308	0.384	0.237	0.241	0.226	0.156	0.409	0.382	0.452	0.308	0.405	0.414	0.406	0.462	0.254	0.388	0.297	0.310	0.389	0.323	0.303	0.352	0.464	0.548	0.406	0	0.115	0.183	0.240	0.180	0.364	0.548	0.648	0.522	0.561	0.391	0.241	0.480	0.539	0.325	0.276	0.338	0.472
M55	0.113	0.364	0.487	0.162	0.295	0.356	0.237	0.224	0.248	0.177	0.390	0.354	0.456	0.290	0.388	0.390	0.389	0.448	0.219	0.379	0.283	0.314	0.384	0.284	0.356	0.390	0.461	0.530	0.381	0.115	0	0.166	0.237	0.161	0.372	0.537	0.638	0.509	0.546	0.375	0.214	0.475	0.531	0.296	0.250	0.315	0.451
M56	0.217	0.405	0.537	0.256	0.345	0.417	0.254	0.263	0.276	0.203	0.423	0.408	0.507	0.356	0.450	0.432	0.436	0.497	0.317	0.442	0.344	0.354	0.454	0.328	0.301	0.418	0.491	0.570	0.423	0.183	0.166	0	0.178	0.158	0.319	0.559	0.656	0.552	0.588	0.415	0.302	0.521	0.581	0.399	0.349	0.402	0.504
M57	0.259	0.329	0.476	0.303	0.330	0.418	0.268	0.281	0.259	0.243	0.413	0.338	0.442	0.334	0.383	0.430	0.360	0.491	0.368	0.429	0.287	0.371	0.437	0.268	0.223	0.340	0.427	0.506	0.439	0.240	0.237	0.178	0	0.201	0.200	0.502	0.607	0.489	0.566	0.399	0.362	0.506	0.520	0.396	0.393	0.441	0.432
M58	0.208	0.310	0.451	0.225	0.271	0.320	0.189	0.207	0.202	0.166	0.346	0.338	0.408	0.281	0.364	0.378	0.386	0.390	0.248	0.345	0.278	0.257	0.357	0.255	0.305	0.349	0.422	0.501	0.334	0.180	0.161	0.158	0.201	0	0.304	0.517	0.621	0.518	0.558	0.382	0.315	0.497	0.541	0.376	0.349	0.387	0.448
M59	0.393	0.244	0.339	0.416	0.344	0.421	0.344	0.346	0.311	0.291	0.353	0.276	0.335	0.396	0.350	0.451	0.350	0.416	0.439	0.398	0.312	0.409	0.391	0.274	0.187	0.252	0.367	0.388	0.373	0.364	0.372	0.319	0.200	0.304	0	0.496	0.525	0.476	0.541	0.474	0.468	0.527	0.467	0.485	0.497	0.531	0.441
N12	0.550	0.529	0.400	0.533	0.542	0.542	0.530	0.525	0.535	0.535	0.647	0.441	0.539	0.522	0.472	0.535	0.378	0.589	0.510	0.518	0.388	0.496	0.548	0.432	0.481	0.461	0.383	0.438	0.569	0.548	0.537	0.559	0.502	0.517	0.496	0	0.146	0.345	0.393	0.414	0.534	0.527	0.377	0.397	0.539	0.447	0.187
N13	0.651	0.569	0.427	0.640	0.627	0.595	0.616	0.618	0.636	0.633	0.668	0.513	0.559	0.616	0.538	0.623	0.452	0.614	0.612	0.579	0.480	0.597	0.598	0.523	0.554	0.493	0.436	0.455	0.601	0.648	0.638	0.656	0.607	0.621	0.525	0.146	0	0.398	0.404	0.525	0.640	0.584	0.408	0.499	0.644	0.552	0.279
N15	0.530	0.446	0.441	0.507	0.527	0.474	0.484	0.469	0.504	0.524	0.579	0.385	0.508	0.463	0.355	0.452	0.398	0.552	0.502	0.458	0.434	0.502	0.488	0.408	0.440	0.478	0.444	0.491	0.492	0.522	0.509	0.552	0.489	0.518	0.476	0.345	0.398	0	0.298	0.332	0.422	0.313	0.189	0.316	0.465	0.413	0.240
N16	0.570	0.493	0.529	0.566	0.554	0.441	0.542	0.517	0.534	0.558	0.592	0.503	0.563	0.514	0.453	0.495	0.528	0.576	0.545	0.511	0.529	0.551	0.515	0.519	0.542	0.555	0.558	0.574	0.519	0.561	0.546	0.588	0.566	0.558	0.541	0.393	0.404	0.298	0	0.372	0.494	0.379	0.227	0.440	0.528	0.472	0.306
N17	0.386	0.430	0.502	0.372	0.419	0.426	0.395	0.373	0.376	0.384	0.517	0.398	0.496	0.347	0.386	0.406	0.420	0.488	0.402	0.412	0.377	0.381	0.415	0.358	0.427	0.454	0.473	0.541	0.419	0.391	0.375	0.415	0.399	0.382	0.474	0.414	0.525	0.332	0.372	0	0.299	0.274	0.302	0.286	0.350	0.301	0.308
N51	0.195	0.428	0.537	0.281	0.406	0.464	0.367	0.349	0.332	0.267	0.503	0.398	0.528	0.360	0.405	0.433	0.446	0.522	0.265	0.462	0.369	0.388	0.457	0.377	0.404	0.471	0.513	0.586	0.446	0.241	0.214	0.302	0.362	0.315	0.468	0.534	0.640	0.422	0.494	0.299	0	0.344	0.456	0.203	0.124	0.211	0.413
N52	0.490	0.464	0.533	0.478	0.493	0.465	0.454	0.451	0.475	0.492	0.553	0.418	0.545	0.442	0.390	0.443	0.467	0.541	0.504	0.456	0.478	0.496	0.468	0.467	0.449	0.511	0.518	0.579	0.480	0.480	0.475	0.521	0.506	0.497	0.527	0.527	0.584	0.313	0.379	0.274	0.344	0	0.300	0.341	0.375	0.407	0.420
N53	0.549	0.440	0.431	0.531	0.543	0.465	0.503	0.497	0.512	0.535	0.551	0.417	0.492	0.495	0.382	0.482	0.439	0.538	0.518	0.456	0.456	0.509	0.478	0.423	0.453	0.435	0.461	0.487	0.463	0.539	0.531	0.581	0.520	0.541	0.467	0.377	0.408	0.189	0.227	0.302	0.456	0.300	0	0.338	0.498	0.426	0.286
N86	0.308	0.431	0.492	0.321	0.468	0.486	0.434	0.424	0.398	0.327	0.556	0.394	0.501	0.396	0.375	0.455	0.434	0.522	0.306	0.462	0.351	0.385	0.460	0.371	0.429	0.480	0.469	0.532	0.459	0.325	0.296	0.399	0.396	0.376	0.485	0.397	0.499	0.316	0.440	0.286	0.203	0.341	0.338	0	0.210	0.179	0.280
N87	0.218	0.445	0.543	0.296	0.418	0.482	0.389	0.376	0.354	0.285	0.526	0.407	0.532	0.359	0.400	0.444	0.454	0.527	0.269	0.468	0.371	0.395	0.459	0.395	0.426	0.497	0.524	0.592	0.454	0.276	0.250	0.349	0.393	0.349	0.497	0.539	0.644	0.465	0.528	0.350	0.124	0.375	0.498	0.210	0	0.180	0.422
N88	0.269	0.486	0.524	0.343	0.465	0.476	0.452	0.427	0.401	0.335	0.565	0.446	0.543	0.388	0.420	0.437	0.470	0.537	0.268	0.461	0.388	0.380	0.476	0.418	0.472	0.535	0.508	0.564	0.487	0.338	0.315	0.402	0.441	0.387	0.531	0.447	0.552	0.413	0.472	0.301	0.211	0.407	0.426	0.179	0.180	0	0.343
N90	0.471	0.438	0.401	0.451	0.487	0.471	0.448	0.443	0.456	0.470	0.562	0.347	0.490	0.411	0.367	0.447	0.361	0.535	0.435	0.447	0.335	0.430	0.471	0.354	0.406	0.428	0.406	0.454	0.481	0.472	0.451	0.504	0.432	0.448	0.441	0.187	0.279	0.240	0.306	0.308	0.413	0.420	0.286	0.280	0.422	0.343	0
