unifrac	H60	M55	M54	H94	M56	M58	H63	M57	H67	H68	H79	L76	N51	N87	N86	N88	M31	M59	L37	H64	H61	L92	L39	H96	M30	L91	L70	L38	L77	L93	M35	L73	H62	M33	M34	M32	H66	H95	L36	N12	N13	N90	N15	N53	N16	N17	N52
H60	0	0.113	0.138	0.190	0.217	0.208	0.174	0.259	0.276	0.259	0.244	0.193	0.195	0.218	0.308	0.269	0.367	0.393	0.320	0.320	0.382	0.325	0.405	0.379	0.320	0.314	0.397	0.416	0.405	0.412	0.420	0.480	0.514	0.478	0.551	0.404	0.388	0.424	0.477	0.550	0.651	0.471	0.530	0.549	0.570	0.386	0.490
M55	0.113	0	0.115	0.177	0.166	0.161	0.162	0.237	0.237	0.224	0.248	0.219	0.214	0.250	0.296	0.315	0.356	0.372	0.290	0.295	0.364	0.314	0.390	0.354	0.284	0.283	0.389	0.388	0.379	0.384	0.381	0.448	0.487	0.461	0.530	0.390	0.356	0.390	0.456	0.537	0.638	0.451	0.509	0.531	0.546	0.375	0.475
M54	0.138	0.115	0	0.156	0.183	0.180	0.184	0.240	0.237	0.241	0.226	0.254	0.241	0.276	0.325	0.338	0.303	0.364	0.308	0.308	0.344	0.310	0.414	0.382	0.323	0.297	0.406	0.405	0.388	0.389	0.406	0.462	0.516	0.464	0.548	0.352	0.384	0.409	0.452	0.548	0.648	0.472	0.522	0.539	0.561	0.391	0.480
H94	0.190	0.177	0.156	0	0.203	0.166	0.217	0.243	0.283	0.272	0.193	0.227	0.267	0.285	0.327	0.335	0.267	0.291	0.312	0.308	0.291	0.286	0.411	0.362	0.301	0.290	0.403	0.383	0.362	0.383	0.385	0.423	0.473	0.433	0.512	0.361	0.381	0.395	0.418	0.535	0.633	0.470	0.524	0.535	0.558	0.384	0.492
M56	0.217	0.166	0.183	0.203	0	0.158	0.256	0.178	0.254	0.263	0.276	0.317	0.302	0.349	0.399	0.402	0.301	0.319	0.356	0.345	0.405	0.354	0.432	0.408	0.328	0.344	0.436	0.450	0.442	0.454	0.423	0.497	0.537	0.491	0.570	0.418	0.417	0.423	0.507	0.559	0.656	0.504	0.552	0.581	0.588	0.415	0.521
M58	0.208	0.161	0.180	0.166	0.158	0	0.225	0.201	0.189	0.207	0.202	0.248	0.315	0.349	0.376	0.387	0.305	0.304	0.281	0.271	0.310	0.257	0.378	0.338	0.255	0.278	0.386	0.364	0.345	0.357	0.334	0.390	0.451	0.422	0.501	0.349	0.320	0.346	0.408	0.517	0.621	0.448	0.518	0.541	0.558	0.382	0.497
H63	0.174	0.162	0.184	0.217	0.256	0.225	0	0.303	0.260	0.253	0.280	0.235	0.281	0.296	0.321	0.343	0.394	0.416	0.288	0.306	0.370	0.295	0.392	0.352	0.303	0.285	0.374	0.387	0.329	0.381	0.393	0.435	0.461	0.451	0.527	0.386	0.328	0.380	0.414	0.533	0.640	0.451	0.507	0.531	0.566	0.372	0.478
M57	0.259	0.237	0.240	0.243	0.178	0.201	0.303	0	0.268	0.281	0.259	0.368	0.362	0.393	0.396	0.441	0.223	0.200	0.334	0.330	0.329	0.371	0.430	0.338	0.268	0.287	0.360	0.383	0.429	0.437	0.439	0.491	0.476	0.427	0.506	0.340	0.418	0.413	0.442	0.502	0.607	0.432	0.489	0.520	0.566	0.399	0.506
H67	0.276	0.237	0.237	0.283	0.254	0.189	0.260	0.268	0	0.153	0.254	0.329	0.367	0.389	0.434	0.452	0.301	0.344	0.259	0.272	0.282	0.304	0.354	0.295	0.285	0.328	0.347	0.327	0.302	0.293	0.315	0.393	0.449	0.420	0.502	0.310	0.285	0.265	0.372	0.530	0.616	0.448	0.484	0.503	0.542	0.395	0.454
H68	0.259	0.224	0.241	0.272	0.263	0.207	0.253	0.281	0.153	0	0.242	0.307	0.349	0.376	0.424	0.427	0.312	0.346	0.207	0.211	0.306	0.313	0.325	0.279	0.256	0.272	0.338	0.314	0.297	0.315	0.322	0.401	0.436	0.414	0.485	0.359	0.289	0.295	0.368	0.525	0.618	0.443	0.469	0.497	0.517	0.373	0.451
H79	0.244	0.248	0.226	0.193	0.276	0.202	0.280	0.259	0.254	0.242	0	0.298	0.332	0.354	0.398	0.401	0.277	0.311	0.273	0.245	0.215	0.230	0.341	0.317	0.253	0.290	0.375	0.334	0.323	0.311	0.288	0.345	0.425	0.405	0.456	0.324	0.358	0.294	0.339	0.535	0.636	0.456	0.504	0.512	0.534	0.376	0.475
L76	0.193	0.219	0.254	0.227	0.317	0.248	0.235	0.368	0.329	0.307	0.298	0	0.265	0.269	0.306	0.268	0.419	0.439	0.273	0.352	0.415	0.219	0.320	0.353	0.304	0.285	0.364	0.325	0.287	0.315	0.357	0.391	0.430	0.409	0.478	0.450	0.321	0.427	0.397	0.510	0.612	0.435	0.502	0.518	0.545	0.402	0.504
N51	0.195	0.214	0.241	0.267	0.302	0.315	0.281	0.362	0.367	0.349	0.332	0.265	0	0.124	0.203	0.211	0.404	0.468	0.360	0.406	0.428	0.388	0.433	0.398	0.377	0.369	0.446	0.405	0.462	0.457	0.446	0.522	0.537	0.513	0.586	0.471	0.464	0.503	0.528	0.534	0.640	0.413	0.422	0.456	0.494	0.299	0.344
N87	0.218	0.250	0.276	0.285	0.349	0.349	0.296	0.393	0.389	0.376	0.354	0.269	0.124	0	0.210	0.180	0.426	0.497	0.359	0.418	0.445	0.395	0.444	0.407	0.395	0.371	0.454	0.400	0.468	0.459	0.454	0.527	0.543	0.524	0.592	0.497	0.482	0.526	0.532	0.539	0.644	0.422	0.465	0.498	0.528	0.350	0.375
N86	0.308	0.296	0.325	0.327	0.399	0.376	0.321	0.396	0.434	0.424	0.398	0.306	0.203	0.210	0	0.179	0.429	0.485	0.396	0.468	0.431	0.385	0.455	0.394	0.371	0.351	0.434	0.375	0.462	0.460	0.459	0.522	0.492	0.469	0.532	0.480	0.486	0.556	0.501	0.397	0.499	0.280	0.316	0.338	0.440	0.286	0.341
N88	0.269	0.315	0.338	0.335	0.402	0.387	0.343	0.441	0.452	0.427	0.401	0.268	0.211	0.180	0.179	0	0.472	0.531	0.388	0.465	0.486	0.380	0.437	0.446	0.418	0.388	0.470	0.420	0.461	0.476	0.487	0.537	0.524	0.508	0.564	0.535	0.476	0.565	0.543	0.447	0.552	0.343	0.413	0.426	0.472	0.301	0.407
M31	0.367	0.356	0.303	0.267	0.301	0.305	0.394	0.223	0.301	0.312	0.277	0.419	0.404	0.426	0.429	0.472	0	0.187	0.356	0.347	0.260	0.407	0.433	0.246	0.282	0.281	0.321	0.332	0.384	0.400	0.401	0.462	0.392	0.335	0.420	0.242	0.421	0.389	0.350	0.481	0.554	0.406	0.440	0.453	0.542	0.427	0.449
M59	0.393	0.372	0.364	0.291	0.319	0.304	0.416	0.200	0.344	0.346	0.311	0.439	0.468	0.497	0.485	0.531	0.187	0	0.396	0.344	0.244	0.409	0.451	0.276	0.274	0.312	0.350	0.350	0.398	0.391	0.373	0.416	0.339	0.367	0.388	0.252	0.421	0.353	0.335	0.496	0.525	0.441	0.476	0.467	0.541	0.474	0.527
L37	0.320	0.290	0.308	0.312	0.356	0.281	0.288	0.334	0.259	0.207	0.273	0.273	0.360	0.359	0.396	0.388	0.356	0.396	0	0.242	0.338	0.286	0.221	0.223	0.230	0.241	0.266	0.224	0.257	0.246	0.294	0.388	0.369	0.387	0.468	0.417	0.293	0.327	0.337	0.522	0.616	0.411	0.463	0.495	0.514	0.347	0.442
H64	0.320	0.295	0.308	0.308	0.345	0.271	0.306	0.330	0.272	0.211	0.245	0.352	0.406	0.418	0.468	0.465	0.347	0.344	0.242	0	0.295	0.304	0.343	0.312	0.272	0.283	0.369	0.332	0.335	0.334	0.340	0.379	0.429	0.446	0.487	0.379	0.319	0.309	0.295	0.542	0.627	0.487	0.527	0.543	0.554	0.419	0.493
H61	0.382	0.364	0.344	0.291	0.405	0.310	0.370	0.329	0.282	0.306	0.215	0.415	0.428	0.445	0.431	0.486	0.260	0.244	0.338	0.295	0	0.337	0.400	0.272	0.270	0.333	0.376	0.315	0.339	0.317	0.263	0.292	0.329	0.394	0.409	0.273	0.370	0.255	0.300	0.529	0.569	0.438	0.446	0.440	0.493	0.430	0.464
L92	0.325	0.314	0.310	0.286	0.354	0.257	0.295	0.371	0.304	0.313	0.230	0.219	0.388	0.395	0.385	0.380	0.407	0.409	0.286	0.304	0.337	0	0.289	0.358	0.270	0.302	0.379	0.309	0.255	0.230	0.277	0.281	0.416	0.397	0.439	0.402	0.281	0.325	0.305	0.496	0.597	0.430	0.502	0.509	0.551	0.381	0.496
L39	0.405	0.390	0.414	0.411	0.432	0.378	0.392	0.430	0.354	0.325	0.341	0.320	0.433	0.444	0.455	0.437	0.433	0.451	0.221	0.343	0.400	0.289	0	0.282	0.301	0.367	0.293	0.239	0.269	0.251	0.335	0.403	0.405	0.428	0.460	0.490	0.294	0.362	0.383	0.535	0.623	0.447	0.452	0.482	0.495	0.406	0.443
H96	0.379	0.354	0.382	0.362	0.408	0.338	0.352	0.338	0.295	0.279	0.317	0.353	0.398	0.407	0.394	0.446	0.246	0.276	0.223	0.312	0.272	0.358	0.282	0	0.169	0.233	0.214	0.217	0.279	0.267	0.279	0.376	0.249	0.265	0.337	0.295	0.334	0.315	0.325	0.441	0.513	0.347	0.385	0.417	0.503	0.398	0.418
M30	0.320	0.284	0.323	0.301	0.328	0.255	0.303	0.268	0.285	0.256	0.253	0.304	0.377	0.395	0.371	0.418	0.282	0.274	0.230	0.272	0.270	0.270	0.301	0.169	0	0.198	0.256	0.236	0.298	0.289	0.264	0.349	0.270	0.275	0.342	0.292	0.326	0.317	0.297	0.432	0.523	0.354	0.408	0.423	0.519	0.358	0.467
L91	0.314	0.283	0.297	0.290	0.344	0.278	0.285	0.287	0.328	0.272	0.290	0.285	0.369	0.371	0.351	0.388	0.281	0.312	0.241	0.283	0.333	0.302	0.367	0.233	0.198	0	0.217	0.258	0.358	0.381	0.393	0.449	0.301	0.294	0.361	0.299	0.347	0.424	0.321	0.388	0.480	0.335	0.434	0.456	0.529	0.377	0.478
L70	0.397	0.389	0.406	0.403	0.436	0.386	0.374	0.360	0.347	0.338	0.375	0.364	0.446	0.454	0.434	0.470	0.321	0.350	0.266	0.369	0.376	0.379	0.293	0.214	0.256	0.217	0	0.229	0.293	0.329	0.376	0.448	0.258	0.234	0.334	0.334	0.351	0.437	0.364	0.378	0.452	0.361	0.398	0.439	0.528	0.420	0.467
L38	0.416	0.388	0.405	0.383	0.450	0.364	0.387	0.383	0.327	0.314	0.334	0.325	0.405	0.400	0.375	0.420	0.332	0.350	0.224	0.332	0.315	0.309	0.239	0.217	0.236	0.258	0.229	0	0.268	0.262	0.322	0.394	0.293	0.317	0.387	0.376	0.271	0.372	0.288	0.472	0.538	0.367	0.355	0.382	0.453	0.386	0.390
L77	0.405	0.379	0.388	0.362	0.442	0.345	0.329	0.429	0.302	0.297	0.323	0.287	0.462	0.468	0.462	0.461	0.384	0.398	0.257	0.335	0.339	0.255	0.269	0.279	0.298	0.358	0.293	0.268	0	0.187	0.242	0.280	0.352	0.353	0.444	0.353	0.247	0.319	0.312	0.518	0.579	0.447	0.458	0.456	0.511	0.412	0.456
L93	0.412	0.384	0.389	0.383	0.454	0.357	0.381	0.437	0.293	0.315	0.311	0.315	0.457	0.459	0.460	0.476	0.400	0.391	0.246	0.334	0.317	0.230	0.251	0.267	0.289	0.381	0.329	0.262	0.187	0	0.209	0.232	0.362	0.375	0.417	0.358	0.279	0.295	0.289	0.548	0.598	0.471	0.488	0.478	0.515	0.415	0.468
M35	0.420	0.381	0.406	0.385	0.423	0.334	0.393	0.439	0.315	0.322	0.288	0.357	0.446	0.454	0.459	0.487	0.401	0.373	0.294	0.340	0.263	0.277	0.335	0.279	0.264	0.393	0.376	0.322	0.242	0.209	0	0.236	0.327	0.368	0.417	0.366	0.342	0.289	0.328	0.569	0.601	0.481	0.492	0.463	0.519	0.419	0.480
L73	0.480	0.448	0.462	0.423	0.497	0.390	0.435	0.491	0.393	0.401	0.345	0.391	0.522	0.527	0.522	0.537	0.462	0.416	0.388	0.379	0.292	0.281	0.403	0.376	0.349	0.449	0.448	0.394	0.280	0.232	0.236	0	0.403	0.418	0.451	0.384	0.354	0.325	0.326	0.589	0.614	0.535	0.552	0.538	0.576	0.488	0.541
H62	0.514	0.487	0.516	0.473	0.537	0.451	0.461	0.476	0.449	0.436	0.425	0.430	0.537	0.543	0.492	0.524	0.392	0.339	0.369	0.429	0.329	0.416	0.405	0.249	0.270	0.301	0.258	0.293	0.352	0.362	0.327	0.403	0	0.169	0.213	0.340	0.410	0.404	0.329	0.400	0.427	0.401	0.441	0.431	0.529	0.502	0.533
M33	0.478	0.461	0.464	0.433	0.491	0.422	0.451	0.427	0.420	0.414	0.405	0.409	0.513	0.524	0.469	0.508	0.335	0.367	0.387	0.446	0.394	0.397	0.428	0.265	0.275	0.294	0.234	0.317	0.353	0.375	0.368	0.418	0.169	0	0.212	0.325	0.408	0.458	0.340	0.383	0.436	0.406	0.444	0.461	0.558	0.473	0.518
M34	0.551	0.530	0.548	0.512	0.570	0.501	0.527	0.506	0.502	0.485	0.456	0.478	0.586	0.592	0.532	0.564	0.420	0.388	0.468	0.487	0.409	0.439	0.460	0.337	0.342	0.361	0.334	0.387	0.444	0.417	0.417	0.451	0.213	0.212	0	0.395	0.488	0.459	0.380	0.438	0.455	0.454	0.491	0.487	0.574	0.541	0.579
M32	0.404	0.390	0.352	0.361	0.418	0.349	0.386	0.340	0.310	0.359	0.324	0.450	0.471	0.497	0.480	0.535	0.242	0.252	0.417	0.379	0.273	0.402	0.490	0.295	0.292	0.299	0.334	0.376	0.353	0.358	0.366	0.384	0.340	0.325	0.395	0	0.415	0.347	0.265	0.461	0.493	0.428	0.478	0.435	0.555	0.454	0.511
H66	0.388	0.356	0.384	0.381	0.417	0.320	0.328	0.418	0.285	0.289	0.358	0.321	0.464	0.482	0.486	0.476	0.421	0.421	0.293	0.319	0.370	0.281	0.294	0.334	0.326	0.347	0.351	0.271	0.247	0.279	0.342	0.354	0.410	0.408	0.488	0.415	0	0.324	0.317	0.542	0.595	0.471	0.474	0.465	0.441	0.426	0.465
H95	0.424	0.390	0.409	0.395	0.423	0.346	0.380	0.413	0.265	0.295	0.294	0.427	0.503	0.526	0.556	0.565	0.389	0.353	0.327	0.309	0.255	0.325	0.362	0.315	0.317	0.424	0.437	0.372	0.319	0.295	0.289	0.325	0.404	0.458	0.459	0.347	0.324	0	0.314	0.647	0.668	0.562	0.579	0.551	0.592	0.517	0.553
L36	0.477	0.456	0.452	0.418	0.507	0.408	0.414	0.442	0.372	0.368	0.339	0.397	0.528	0.532	0.501	0.543	0.350	0.335	0.337	0.295	0.300	0.305	0.383	0.325	0.297	0.321	0.364	0.288	0.312	0.289	0.328	0.326	0.329	0.340	0.380	0.265	0.317	0.314	0	0.539	0.559	0.490	0.508	0.492	0.563	0.496	0.545
N12	0.550	0.537	0.548	0.535	0.559	0.517	0.533	0.502	0.530	0.525	0.535	0.510	0.534	0.539	0.397	0.447	0.481	0.496	0.522	0.542	0.529	0.496	0.535	0.441	0.432	0.388	0.378	0.472	0.518	0.548	0.569	0.589	0.400	0.383	0.438	0.461	0.542	0.647	0.539	0	0.146	0.187	0.345	0.377	0.393	0.414	0.527
N13	0.651	0.638	0.648	0.633	0.656	0.621	0.640	0.607	0.616	0.618	0.636	0.612	0.640	0.644	0.499	0.552	0.554	0.525	0.616	0.627	0.569	0.597	0.623	0.513	0.523	0.480	0.452	0.538	0.579	0.598	0.601	0.614	0.427	0.436	0.455	0.493	0.595	0.668	0.559	0.146	0	0.279	0.398	0.408	0.404	0.525	0.584
N90	0.471	0.451	0.472	0.470	0.504	0.448	0.451	0.432	0.448	0.443	0.456	0.435	0.413	0.422	0.280	0.343	0.406	0.441	0.411	0.487	0.438	0.430	0.447	0.347	0.354	0.335	0.361	0.367	0.447	0.471	0.481	0.535	0.401	0.406	0.454	0.428	0.471	0.562	0.490	0.187	0.279	0	0.240	0.286	0.306	0.308	0.420
N15	0.530	0.509	0.522	0.524	0.552	0.518	0.507	0.489	0.484	0.469	0.504	0.502	0.422	0.465	0.316	0.413	0.440	0.476	0.463	0.527	0.446	0.502	0.452	0.385	0.408	0.434	0.398	0.355	0.458	0.488	0.492	0.552	0.441	0.444	0.491	0.478	0.474	0.579	0.508	0.345	0.398	0.240	0	0.189	0.298	0.332	0.313
N53	0.549	0.531	0.539	0.535	0.581	0.541	0.531	0.520	0.503	0.497	0.512	0.518	0.456	0.498	0.338	0.426	0.453	0.467	0.495	0.543	0.440	0.509	0.482	0.417	0.423	0.456	0.439	0.382	0.456	0.478	0.463	0.538	0.431	0.461	0.487	0.435	0.465	0.551	0.492	0.377	0.408	0.286	0.189	0	0.227	0.302	0.300
N16	0.570	0.546	0.561	0.558	0.588	0.558	0.566	0.566	0.542	0.517	0.534	0.545	0.494	0.528	0.440	0.472	0.542	0.541	0.514	0.554	0.493	0.551	0.495	0.503	0.519	0.529	0.528	0.453	0.511	0.515	0.519	0.576	0.529	0.558	0.574	0.555	0.441	0.592	0.563	0.393	0.404	0.306	0.298	0.227	0	0.372	0.379
N17	0.386	0.375	0.391	0.384	0.415	0.382	0.372	0.399	0.395	0.373	0.376	0.402	0.299	0.350	0.286	0.301	0.427	0.474	0.347	0.419	0.430	0.381	0.406	0.398	0.358	0.377	0.420	0.386	0.412	0.415	0.419	0.488	0.502	0.473	0.541	0.454	0.426	0.517	0.496	0.414	0.525	0.308	0.332	0.302	0.372	0	0.274
N52	0.490	0.475	0.480	0.492	0.521	0.497	0.478	0.506	0.454	0.451	0.475	0.504	0.344	0.375	0.341	0.407	0.449	0.527	0.442	0.493	0.464	0.496	0.443	0.418	0.467	0.478	0.467	0.390	0.456	0.468	0.480	0.541	0.533	0.518	0.579	0.511	0.465	0.553	0.545	0.527	0.584	0.420	0.313	0.300	0.379	0.274	0
